0 	 0.467301 	 0.471252 
1 	 0.466653 	 0.470639 
2 	 0.465095 	 0.469164 
3 	 0.463439 	 0.467596 
4 	 0.461800 	 0.466044 
5 	 0.460200 	 0.464528 
6 	 0.458692 	 0.463098 
7 	 0.456968 	 0.461465 
8 	 0.455335 	 0.459916 
9 	 0.453589 	 0.458262 
10 	 0.452029 	 0.456784 
11 	 0.450147 	 0.455001 
12 	 0.449365 	 0.454261 
13 	 0.447494 	 0.452488 
14 	 0.445621 	 0.450710 
15 	 0.443671 	 0.448863 
16 	 0.441554 	 0.446856 
17 	 0.439556 	 0.444960 
18 	 0.437438 	 0.442950 
19 	 0.435213 	 0.440841 
20 	 0.432976 	 0.438718 
21 	 0.431412 	 0.437235 
22 	 0.429045 	 0.434992 
23 	 0.426724 	 0.432790 
24 	 0.426208 	 0.432300 
25 	 0.423730 	 0.429948 
26 	 0.421225 	 0.427574 
27 	 0.420213 	 0.426618 
28 	 0.417714 	 0.424250 
29 	 0.416672 	 0.423265 
30 	 0.413930 	 0.420664 
31 	 0.411522 	 0.418382 
32 	 0.408741 	 0.415744 
33 	 0.405825 	 0.412979 
34 	 0.402871 	 0.410177 
35 	 0.399827 	 0.407290 
36 	 0.396791 	 0.404411 
37 	 0.393930 	 0.401701 
38 	 0.391034 	 0.398958 
39 	 0.388040 	 0.396123 
40 	 0.385153 	 0.393388 
41 	 0.382184 	 0.390577 
42 	 0.379351 	 0.387896 
43 	 0.376286 	 0.384996 
44 	 0.372749 	 0.381646 
45 	 0.369127 	 0.378216 
46 	 0.365474 	 0.374759 
47 	 0.362301 	 0.371757 
48 	 0.358486 	 0.368148 
49 	 0.354644 	 0.364514 
50 	 0.351460 	 0.361505 
51 	 0.348202 	 0.358426 
52 	 0.344280 	 0.354718 
53 	 0.340952 	 0.351576 
54 	 0.336907 	 0.347754 
55 	 0.333592 	 0.344625 
56 	 0.330264 	 0.341484 
57 	 0.326976 	 0.338381 
58 	 0.323656 	 0.335251 
59 	 0.320334 	 0.332120 
60 	 0.316128 	 0.328156 
61 	 0.312795 	 0.325014 
62 	 0.308518 	 0.320986 
63 	 0.304237 	 0.316956 
64 	 0.299964 	 0.312934 
65 	 0.296655 	 0.309824 
66 	 0.293342 	 0.306710 
67 	 0.288962 	 0.302595 
68 	 0.284622 	 0.298520 
69 	 0.280293 	 0.294458 
70 	 0.277059 	 0.291426 
71 	 0.273879 	 0.288445 
72 	 0.269537 	 0.284379 
73 	 0.265208 	 0.280327 
74 	 0.262086 	 0.277408 
75 	 0.257834 	 0.273434 
76 	 0.254780 	 0.270583 
77 	 0.250559 	 0.266643 
78 	 0.246338 	 0.262706 
79 	 0.242166 	 0.258819 
80 	 0.238035 	 0.254974 
81 	 0.235185 	 0.252324 
82 	 0.232346 	 0.249683 
83 	 0.229551 	 0.247087 
84 	 0.225541 	 0.243366 
85 	 0.222834 	 0.240856 
86 	 0.222037 	 0.240183 
87 	 0.219358 	 0.237703 
88 	 0.216782 	 0.235325 
89 	 0.214193 	 0.232931 
90 	 0.211614 	 0.230548 
91 	 0.209110 	 0.228236 
92 	 0.206550 	 0.225880 
93 	 0.202836 	 0.222459 
94 	 0.200449 	 0.220261 
95 	 0.196841 	 0.216945 
96 	 0.193294 	 0.213686 
97 	 0.189809 	 0.210491 
98 	 0.186401 	 0.207370 
99 	 0.183042 	 0.204298 
100 	 0.180880 	 0.202322 
101 	 0.177615 	 0.199344 
102 	 0.175590 	 0.197498 
103 	 0.172425 	 0.194618 
104 	 0.170469 	 0.192839 
105 	 0.167435 	 0.190084 
106 	 0.164452 	 0.187381 
107 	 0.162528 	 0.185643 
108 	 0.159650 	 0.183043 
109 	 0.157901 	 0.181462 
110 	 0.156218 	 0.179943 
111 	 0.153472 	 0.177469 
112 	 0.151823 	 0.175986 
113 	 0.150171 	 0.174498 
114 	 0.147588 	 0.172180 
115 	 0.146042 	 0.170794 
116 	 0.144517 	 0.169428 
117 	 0.142054 	 0.167227 
118 	 0.139627 	 0.165064 
119 	 0.138212 	 0.163802 
120 	 0.137454 	 0.163254 
121 	 0.135135 	 0.161197 
122 	 0.133818 	 0.160027 
123 	 0.132307 	 0.158697 
124 	 0.131013 	 0.157551 
125 	 0.128852 	 0.155642 
126 	 0.127647 	 0.154578 
127 	 0.125602 	 0.152777 
128 	 0.124409 	 0.151729 
129 	 0.122411 	 0.149978 
130 	 0.120461 	 0.148269 
131 	 0.119331 	 0.147278 
132 	 0.117463 	 0.145648 
133 	 0.115629 	 0.144051 
134 	 0.113869 	 0.142522 
135 	 0.112127 	 0.141011 
136 	 0.111188 	 0.140197 
137 	 0.110231 	 0.139369 
138 	 0.108625 	 0.137983 
139 	 0.107752 	 0.137229 
140 	 0.106890 	 0.136487 
141 	 0.105368 	 0.135179 
142 	 0.103866 	 0.133892 
143 	 0.102407 	 0.132645 
144 	 0.100956 	 0.131406 
145 	 0.100199 	 0.130761 
146 	 0.098832 	 0.129598 
147 	 0.097481 	 0.128452 
148 	 0.096751 	 0.127833 
149 	 0.095455 	 0.126739 
150 	 0.094218 	 0.125696 
151 	 0.092994 	 0.124669 
152 	 0.091802 	 0.123670 
153 	 0.090656 	 0.122712 
154 	 0.089532 	 0.121774 
155 	 0.088921 	 0.121263 
156 	 0.088296 	 0.120740 
157 	 0.087703 	 0.120246 
158 	 0.086645 	 0.119370 
159 	 0.085582 	 0.118492 
160 	 0.084572 	 0.117660 
161 	 0.084034 	 0.117216 
162 	 0.083520 	 0.116792 
163 	 0.082566 	 0.116010 
164 	 0.081640 	 0.115253 
165 	 0.080728 	 0.114508 
166 	 0.080258 	 0.114125 
167 	 0.079388 	 0.113417 
168 	 0.078509 	 0.112705 
169 	 0.077657 	 0.112017 
170 	 0.076840 	 0.111357 
171 	 0.076040 	 0.110714 
172 	 0.075237 	 0.110070 
173 	 0.074478 	 0.109566 
174 	 0.073721 	 0.108964 
175 	 0.073325 	 0.108648 
176 	 0.072604 	 0.108075 
177 	 0.072236 	 0.107783 
178 	 0.071861 	 0.107485 
179 	 0.071491 	 0.107192 
180 	 0.070804 	 0.106650 
181 	 0.070464 	 0.106382 
182 	 0.069881 	 0.106126 
183 	 0.069213 	 0.105604 
184 	 0.068428 	 0.105061 
185 	 0.068073 	 0.104784 
186 	 0.067451 	 0.104301 
187 	 0.066826 	 0.103816 
188 	 0.066522 	 0.103581 
189 	 0.066196 	 0.103328 
190 	 0.065910 	 0.103107 
191 	 0.065342 	 0.102670 
192 	 0.065030 	 0.102430 
193 	 0.064463 	 0.101996 
194 	 0.063607 	 0.101525 
195 	 0.063073 	 0.101119 
196 	 0.062795 	 0.100909 
197 	 0.062525 	 0.100703 
198 	 0.062016 	 0.100319 
199 	 0.061516 	 0.099942 
200 	 0.061269 	 0.099756 
201 	 0.060782 	 0.099391 
202 	 0.060548 	 0.099215 
203 	 0.060070 	 0.098858 
204 	 0.059815 	 0.098667 
205 	 0.059493 	 0.098433 
206 	 0.059259 	 0.098258 
207 	 0.058802 	 0.097921 
208 	 0.058575 	 0.097752 
209 	 0.058137 	 0.097430 
210 	 0.057930 	 0.097277 
211 	 0.057164 	 0.096874 
212 	 0.056766 	 0.096583 
213 	 0.056361 	 0.096289 
214 	 0.055966 	 0.096003 
215 	 0.055773 	 0.095862 
216 	 0.055587 	 0.095727 
217 	 0.055208 	 0.095454 
218 	 0.054825 	 0.095178 
219 	 0.054461 	 0.094917 
220 	 0.054109 	 0.094665 
221 	 0.053757 	 0.094415 
222 	 0.053569 	 0.094280 
223 	 0.053231 	 0.094040 
224 	 0.052885 	 0.093795 
225 	 0.052702 	 0.093665 
226 	 0.052534 	 0.093546 
227 	 0.052378 	 0.093436 
228 	 0.052056 	 0.093209 
229 	 0.051729 	 0.092981 
230 	 0.051425 	 0.092769 
231 	 0.051279 	 0.092667 
232 	 0.051097 	 0.092541 
233 	 0.050799 	 0.092335 
234 	 0.050656 	 0.092236 
235 	 0.050360 	 0.092032 
236 	 0.050067 	 0.091831 
237 	 0.049924 	 0.091732 
238 	 0.049644 	 0.091541 
239 	 0.049373 	 0.091356 
240 	 0.049245 	 0.091268 
241 	 0.048971 	 0.091082 
242 	 0.048349 	 0.090795 
243 	 0.048211 	 0.090702 
244 	 0.047961 	 0.090533 
245 	 0.047484 	 0.090267 
246 	 0.046853 	 0.089953 
247 	 0.046740 	 0.089877 
248 	 0.046494 	 0.089723 
249 	 0.046267 	 0.089573 
250 	 0.046038 	 0.089424 
251 	 0.045814 	 0.089277 
252 	 0.047428 	 0.090365 
253 	 0.047307 	 0.090283 
254 	 0.047189 	 0.090205 
255 	 0.046946 	 0.090043 
256 	 0.046696 	 0.089878 
257 	 0.046458 	 0.089721 
258 	 0.046330 	 0.089637 
259 	 0.046211 	 0.089558 
260 	 0.045978 	 0.089406 
261 	 0.045751 	 0.089258 
262 	 0.045636 	 0.089183 
263 	 0.045528 	 0.089112 
264 	 0.045315 	 0.088973 
265 	 0.045096 	 0.088832 
266 	 0.044982 	 0.088758 
267 	 0.044833 	 0.088664 
268 	 0.044630 	 0.088533 
269 	 0.044519 	 0.088461 
270 	 0.044303 	 0.088330 
271 	 0.044105 	 0.088204 
272 	 0.043912 	 0.088081 
273 	 0.043719 	 0.087959 
274 	 0.043312 	 0.087746 
275 	 0.043118 	 0.087625 
276 	 0.043027 	 0.087568 
277 	 0.042848 	 0.087456 
278 	 0.042659 	 0.087339 
279 	 0.042573 	 0.087285 
280 	 0.042394 	 0.087174 
281 	 0.042218 	 0.087066 
282 	 0.042044 	 0.086960 
283 	 0.041670 	 0.086771 
284 	 0.041591 	 0.086722 
285 	 0.041502 	 0.086668 
286 	 0.041339 	 0.086569 
287 	 0.041252 	 0.086516 
288 	 0.041091 	 0.086419 
289 	 0.040926 	 0.086320 
290 	 0.040773 	 0.086228 
291 	 0.040698 	 0.086183 
292 	 0.040622 	 0.086137 
293 	 0.040466 	 0.086045 
294 	 0.040315 	 0.085956 
295 	 0.040164 	 0.085867 
296 	 0.040088 	 0.085821 
297 	 0.039939 	 0.085734 
298 	 0.039863 	 0.085689 
299 	 0.039797 	 0.085650 
300 	 0.039659 	 0.085570 
301 	 0.039172 	 0.085342 
302 	 0.039036 	 0.085264 
303 	 0.038974 	 0.085229 
304 	 0.038838 	 0.085151 
305 	 0.038776 	 0.085115 
306 	 0.038716 	 0.085080 
307 	 0.038654 	 0.085045 
308 	 0.038591 	 0.085008 
309 	 0.038527 	 0.084972 
310 	 0.038105 	 0.084898 
311 	 0.038047 	 0.084866 
312 	 0.037922 	 0.084796 
313 	 0.037866 	 0.084764 
314 	 0.037805 	 0.084730 
315 	 0.037744 	 0.084696 
316 	 0.037448 	 0.084561 
317 	 0.037328 	 0.084495 
318 	 0.037274 	 0.084464 
319 	 0.037158 	 0.084401 
320 	 0.037046 	 0.084339 
321 	 0.036930 	 0.084276 
322 	 0.036818 	 0.084216 
323 	 0.036706 	 0.084155 
324 	 0.036656 	 0.084128 
325 	 0.036607 	 0.084101 
326 	 0.036556 	 0.084073 
327 	 0.036446 	 0.084014 
328 	 0.036397 	 0.083988 
329 	 0.036349 	 0.083962 
330 	 0.036234 	 0.083904 
331 	 0.036131 	 0.083850 
332 	 0.035866 	 0.083736 
333 	 0.035763 	 0.083684 
334 	 0.035663 	 0.083631 
335 	 0.035561 	 0.083579 
336 	 0.035465 	 0.083529 
337 	 0.035417 	 0.083504 
338 	 0.035367 	 0.083478 
339 	 0.035271 	 0.083429 
340 	 0.035228 	 0.083407 
341 	 0.035137 	 0.083360 
342 	 0.035094 	 0.083338 
343 	 0.035005 	 0.083292 
344 	 0.034917 	 0.083248 
345 	 0.034677 	 0.083149 
346 	 0.034634 	 0.083127 
347 	 0.034254 	 0.082968 
348 	 0.034167 	 0.082925 
349 	 0.034081 	 0.082883 
350 	 0.034042 	 0.082864 
351 	 0.034002 	 0.082844 
352 	 0.033918 	 0.082803 
353 	 0.033876 	 0.082782 
354 	 0.033839 	 0.082764 
355 	 0.033802 	 0.082746 
356 	 0.033723 	 0.082708 
357 	 0.033644 	 0.082670 
358 	 0.033606 	 0.082652 
359 	 0.033526 	 0.082614 
360 	 0.033492 	 0.082597 
361 	 0.033414 	 0.082560 
362 	 0.033340 	 0.082525 
363 	 0.033306 	 0.082509 
364 	 0.033270 	 0.082492 
365 	 0.033234 	 0.082474 
366 	 0.033156 	 0.082439 
367 	 0.033080 	 0.082404 
368 	 0.033048 	 0.082389 
369 	 0.033014 	 0.082373 
370 	 0.032982 	 0.082358 
371 	 0.032949 	 0.082343 
372 	 0.032878 	 0.082310 
373 	 0.032846 	 0.082295 
374 	 0.032814 	 0.082280 
375 	 0.032744 	 0.082248 
376 	 0.032709 	 0.082231 
377 	 0.032641 	 0.082201 
378 	 0.032607 	 0.082185 
379 	 0.032540 	 0.082155 
380 	 0.032472 	 0.082125 
381 	 0.032442 	 0.082111 
382 	 0.032412 	 0.082098 
383 	 0.032378 	 0.082082 
384 	 0.032313 	 0.082053 
385 	 0.032247 	 0.082024 
386 	 0.032184 	 0.081996 
387 	 0.032119 	 0.081968 
388 	 0.032058 	 0.081941 
389 	 0.031996 	 0.081914 
390 	 0.031967 	 0.081901 
391 	 0.031906 	 0.081875 
392 	 0.031878 	 0.081862 
393 	 0.031818 	 0.081837 
394 	 0.031759 	 0.081811 
395 	 0.031573 	 0.081748 
396 	 0.031543 	 0.081735 
397 	 0.031486 	 0.081711 
398 	 0.031429 	 0.081687 
399 	 0.031402 	 0.081676 
400 	 0.031343 	 0.081652 
401 	 0.031319 	 0.081641 
402 	 0.031294 	 0.081631 
403 	 0.031238 	 0.081608 
404 	 0.031185 	 0.081586 
405 	 0.031160 	 0.081576 
406 	 0.031104 	 0.081553 
407 	 0.031079 	 0.081543 
408 	 0.031026 	 0.081521 
409 	 0.030971 	 0.081499 
410 	 0.030919 	 0.081479 
411 	 0.030866 	 0.081457 
412 	 0.030814 	 0.081437 
413 	 0.030790 	 0.081427 
414 	 0.030740 	 0.081407 
415 	 0.030689 	 0.081387 
416 	 0.030665 	 0.081378 
417 	 0.030640 	 0.081368 
418 	 0.030592 	 0.081349 
419 	 0.030569 	 0.081340 
420 	 0.030519 	 0.081321 
421 	 0.030474 	 0.081303 
422 	 0.030449 	 0.081294 
423 	 0.030402 	 0.081276 
424 	 0.030354 	 0.081257 
425 	 0.030321 	 0.081245 
426 	 0.030297 	 0.081236 
427 	 0.030276 	 0.081228 
428 	 0.030255 	 0.081220 
429 	 0.030208 	 0.081202 
430 	 0.030160 	 0.081185 
431 	 0.030113 	 0.081168 
432 	 0.030067 	 0.081151 
433 	 0.030046 	 0.081143 
434 	 0.030026 	 0.081135 
435 	 0.029982 	 0.081119 
436 	 0.029934 	 0.081102 
437 	 0.029889 	 0.081086 
438 	 0.029869 	 0.081079 
439 	 0.029848 	 0.081071 
440 	 0.029828 	 0.081064 
441 	 0.029783 	 0.081048 
442 	 0.029741 	 0.081033 
443 	 0.029721 	 0.081026 
444 	 0.029677 	 0.081011 
445 	 0.029636 	 0.080996 
446 	 0.029616 	 0.080989 
447 	 0.029575 	 0.080975 
448 	 0.029536 	 0.080961 
449 	 0.029495 	 0.080947 
450 	 0.029456 	 0.080933 
451 	 0.029416 	 0.080920 
452 	 0.029377 	 0.080907 
453 	 0.029357 	 0.080900 
454 	 0.029339 	 0.080893 
455 	 0.029322 	 0.080887 
456 	 0.029305 	 0.080881 
457 	 0.029266 	 0.080869 
458 	 0.029248 	 0.080862 
459 	 0.029231 	 0.080856 
460 	 0.029192 	 0.080844 
461 	 0.029152 	 0.080831 
462 	 0.029116 	 0.080819 
463 	 0.029080 	 0.080807 
464 	 0.029044 	 0.080795 
465 	 0.029025 	 0.080789 
466 	 0.028988 	 0.080777 
467 	 0.028950 	 0.080765 
468 	 0.028915 	 0.080754 
469 	 0.028879 	 0.080743 
470 	 0.028845 	 0.080732 
471 	 0.028811 	 0.080721 
472 	 0.028795 	 0.080716 
473 	 0.028779 	 0.080711 
474 	 0.028762 	 0.080706 
475 	 0.028746 	 0.080700 
476 	 0.028730 	 0.080695 
477 	 0.028713 	 0.080690 
478 	 0.028678 	 0.080679 
479 	 0.028643 	 0.080669 
480 	 0.028609 	 0.080658 
481 	 0.028577 	 0.080649 
482 	 0.028544 	 0.080639 
483 	 0.028324 	 0.080570 
484 	 0.028310 	 0.080566 
485 	 0.028294 	 0.080561 
486 	 0.028279 	 0.080557 
487 	 0.028265 	 0.080552 
488 	 0.028233 	 0.080543 
489 	 0.028201 	 0.080534 
490 	 0.028187 	 0.080530 
491 	 0.028156 	 0.080521 
492 	 0.028142 	 0.080517 
493 	 0.028129 	 0.080513 
494 	 0.028098 	 0.080505 
495 	 0.028069 	 0.080497 
496 	 0.028056 	 0.080493 
497 	 0.028026 	 0.080485 
498 	 0.028011 	 0.080481 
499 	 0.027997 	 0.080476 
500 	 0.027983 	 0.080473 
501 	 0.027968 	 0.080468 
502 	 0.027955 	 0.080465 
503 	 0.027941 	 0.080461 
504 	 0.027927 	 0.080457 
505 	 0.027914 	 0.080453 
506 	 0.027885 	 0.080445 
507 	 0.027872 	 0.080442 
508 	 0.027843 	 0.080434 
509 	 0.027830 	 0.080431 
510 	 0.027801 	 0.080423 
511 	 0.027772 	 0.080416 
512 	 0.027758 	 0.080412 
513 	 0.027745 	 0.080408 
514 	 0.027717 	 0.080401 
515 	 0.027704 	 0.080398 
516 	 0.027691 	 0.080394 
517 	 0.027679 	 0.080391 
518 	 0.027665 	 0.080388 
519 	 0.027638 	 0.080381 
520 	 0.027625 	 0.080377 
521 	 0.027597 	 0.080370 
522 	 0.027585 	 0.080367 
523 	 0.027559 	 0.080361 
524 	 0.027532 	 0.080354 
525 	 0.027520 	 0.080351 
526 	 0.027493 	 0.080345 
527 	 0.027480 	 0.080341 
528 	 0.027468 	 0.080339 
529 	 0.027443 	 0.080332 
530 	 0.027417 	 0.080326 
531 	 0.027391 	 0.080320 
532 	 0.027366 	 0.080314 
533 	 0.027339 	 0.080308 
534 	 0.027328 	 0.080306 
535 	 0.027317 	 0.080303 
536 	 0.027292 	 0.080297 
537 	 0.027264 	 0.080291 
538 	 0.027253 	 0.080289 
539 	 0.027227 	 0.080283 
540 	 0.027203 	 0.080278 
541 	 0.027192 	 0.080275 
542 	 0.027168 	 0.080270 
543 	 0.027144 	 0.080264 
544 	 0.027119 	 0.080259 
545 	 0.027095 	 0.080254 
546 	 0.027085 	 0.080252 
547 	 0.027074 	 0.080250 
548 	 0.027050 	 0.080245 
549 	 0.027026 	 0.080240 
550 	 0.027002 	 0.080235 
551 	 0.026980 	 0.080230 
552 	 0.026957 	 0.080225 
553 	 0.026935 	 0.080221 
554 	 0.026925 	 0.080219 
555 	 0.026903 	 0.080214 
556 	 0.026892 	 0.080212 
557 	 0.026882 	 0.080210 
558 	 0.026871 	 0.080207 
559 	 0.026860 	 0.080205 
560 	 0.026850 	 0.080203 
561 	 0.026829 	 0.080199 
562 	 0.026806 	 0.080195 
563 	 0.026641 	 0.080179 
564 	 0.026619 	 0.080175 
565 	 0.026608 	 0.080173 
566 	 0.026597 	 0.080171 
567 	 0.026588 	 0.080169 
568 	 0.026567 	 0.080165 
569 	 0.026417 	 0.080151 
570 	 0.026397 	 0.080147 
571 	 0.026387 	 0.080146 
572 	 0.026379 	 0.080144 
573 	 0.026358 	 0.080140 
574 	 0.026338 	 0.080137 
575 	 0.026329 	 0.080135 
576 	 0.026309 	 0.080132 
577 	 0.026299 	 0.080130 
578 	 0.026276 	 0.080127 
579 	 0.026258 	 0.080123 
580 	 0.026249 	 0.080122 
581 	 0.026230 	 0.080119 
582 	 0.026210 	 0.080116 
583 	 0.026192 	 0.080112 
584 	 0.026170 	 0.080109 
585 	 0.026151 	 0.080106 
586 	 0.026133 	 0.080103 
587 	 0.026124 	 0.080102 
588 	 0.026105 	 0.080099 
589 	 0.026085 	 0.080096 
590 	 0.026067 	 0.080093 
591 	 0.026058 	 0.080092 
592 	 0.026049 	 0.080091 
593 	 0.026031 	 0.080088 
594 	 0.026023 	 0.080087 
595 	 0.026004 	 0.080084 
596 	 0.025986 	 0.080082 
597 	 0.025968 	 0.080079 
598 	 0.025959 	 0.080078 
599 	 0.025951 	 0.080077 
600 	 0.025933 	 0.080074 
601 	 0.025925 	 0.080073 
602 	 0.025907 	 0.080071 
603 	 0.025890 	 0.080069 
604 	 0.025881 	 0.080067 
605 	 0.025864 	 0.080065 
606 	 0.025857 	 0.080064 
607 	 0.025840 	 0.080062 
608 	 0.025823 	 0.080060 
609 	 0.025814 	 0.080059 
610 	 0.025797 	 0.080056 
611 	 0.025790 	 0.080055 
612 	 0.025773 	 0.080053 
613 	 0.025757 	 0.080051 
614 	 0.025748 	 0.080050 
615 	 0.025740 	 0.080049 
616 	 0.025724 	 0.080047 
617 	 0.025707 	 0.080046 
618 	 0.025700 	 0.080045 
619 	 0.025691 	 0.080044 
620 	 0.025675 	 0.080042 
621 	 0.025656 	 0.080040 
622 	 0.025640 	 0.080038 
623 	 0.025624 	 0.080036 
624 	 0.025608 	 0.080035 
625 	 0.025592 	 0.080033 
626 	 0.025581 	 0.080032 
627 	 0.025565 	 0.080031 
628 	 0.025482 	 0.080022 
629 	 0.025475 	 0.080022 
630 	 0.025459 	 0.080020 
631 	 0.025444 	 0.080019 
632 	 0.025428 	 0.080017 
633 	 0.025413 	 0.080016 
634 	 0.025398 	 0.080015 
635 	 0.025382 	 0.080014 
636 	 0.025367 	 0.080012 
637 	 0.025360 	 0.080012 
638 	 0.025345 	 0.080011 
639 	 0.025339 	 0.080010 
640 	 0.025324 	 0.080009 
641 	 0.025309 	 0.080008 
642 	 0.025232 	 0.080001 
643 	 0.025226 	 0.080001 
644 	 0.025220 	 0.080000 
645 	 0.025206 	 0.079999 
646 	 0.025192 	 0.079998 
647 	 0.025186 	 0.079998 
648 	 0.025180 	 0.079997 
649 	 0.025166 	 0.079996 
650 	 0.025160 	 0.079996 
651 	 0.025146 	 0.079995 
652 	 0.025138 	 0.079994 
653 	 0.025125 	 0.079993 
654 	 0.025117 	 0.079993 
655 	 0.025111 	 0.079992 
656 	 0.025104 	 0.079992 
657 	 0.025097 	 0.079991 
658 	 0.025091 	 0.079991 
659 	 0.025085 	 0.079990 
660 	 0.025072 	 0.079990 
661 	 0.025066 	 0.079989 
662 	 0.025052 	 0.079989 
663 	 0.025046 	 0.079988 
664 	 0.025032 	 0.079988 
665 	 0.025026 	 0.079987 
666 	 0.025020 	 0.079987 
667 	 0.025007 	 0.079986 
668 	 0.025000 	 0.079986 
669 	 0.024988 	 0.079985 
670 	 0.024982 	 0.079985 
671 	 0.024969 	 0.079984 
672 	 0.024957 	 0.079984 
673 	 0.024950 	 0.079984 
674 	 0.024937 	 0.079983 
675 	 0.024925 	 0.079983 
676 	 0.024918 	 0.079982 
677 	 0.024906 	 0.079982 
678 	 0.024894 	 0.079981 
679 	 0.024888 	 0.079981 
680 	 0.024882 	 0.079981 
681 	 0.024876 	 0.079981 
682 	 0.024871 	 0.079981 
683 	 0.024801 	 0.079976 
684 	 0.024789 	 0.079976 
685 	 0.024784 	 0.079976 
686 	 0.024779 	 0.079976 
687 	 0.024766 	 0.079975 
688 	 0.024761 	 0.079975 
689 	 0.024749 	 0.079975 
690 	 0.024738 	 0.079974 
691 	 0.024733 	 0.079974 
692 	 0.024720 	 0.079974 
693 	 0.024715 	 0.079974 
694 	 0.024703 	 0.079974 
695 	 0.024698 	 0.079974 
696 	 0.024686 	 0.079974 
697 	 0.024681 	 0.079974 
698 	 0.024675 	 0.079974 
699 	 0.024663 	 0.079973 
700 	 0.024651 	 0.079974 
701 	 0.024640 	 0.079974 
702 	 0.024628 	 0.079973 
703 	 0.024624 	 0.079973 
704 	 0.024613 	 0.079973 
705 	 0.024608 	 0.079973 
706 	 0.024603 	 0.079973 
707 	 0.024592 	 0.079973 
708 	 0.024581 	 0.079973 
709 	 0.024569 	 0.079973 
710 	 0.024564 	 0.079973 
711 	 0.024552 	 0.079973 
712 	 0.024448 	 0.079954 
713 	 0.024443 	 0.079954 
714 	 0.024438 	 0.079954 
715 	 0.024427 	 0.079955 
716 	 0.024422 	 0.079955 
717 	 0.024418 	 0.079955 
718 	 0.024407 	 0.079955 
719 	 0.024397 	 0.079955 
720 	 0.024335 	 0.079953 
721 	 0.024325 	 0.079954 
722 	 0.024320 	 0.079954 
723 	 0.024310 	 0.079954 
724 	 0.024300 	 0.079955 
725 	 0.024290 	 0.079955 
726 	 0.024280 	 0.079955 
727 	 0.024270 	 0.079956 
728 	 0.024178 	 0.079957 
729 	 0.024168 	 0.079957 
730 	 0.024159 	 0.079958 
731 	 0.024149 	 0.079958 
732 	 0.024145 	 0.079958 
733 	 0.024133 	 0.079959 
734 	 0.024129 	 0.079959 
735 	 0.024119 	 0.079959 
736 	 0.024115 	 0.079960 
737 	 0.024110 	 0.079960 
738 	 0.024099 	 0.079960 
739 	 0.024090 	 0.079961 
740 	 0.024080 	 0.079961 
741 	 0.024071 	 0.079962 
742 	 0.024067 	 0.079962 
743 	 0.024063 	 0.079962 
744 	 0.024059 	 0.079963 
745 	 0.024055 	 0.079963 
746 	 0.024050 	 0.079963 
747 	 0.024041 	 0.079964 
748 	 0.024031 	 0.079964 
749 	 0.024027 	 0.079965 
750 	 0.024023 	 0.079965 
751 	 0.024014 	 0.079966 
752 	 0.024010 	 0.079966 
753 	 0.024005 	 0.079966 
754 	 0.023996 	 0.079967 
755 	 0.023987 	 0.079968 
756 	 0.023978 	 0.079968 
757 	 0.023969 	 0.079969 
758 	 0.023960 	 0.079970 
759 	 0.023956 	 0.079970 
760 	 0.023947 	 0.079971 
761 	 0.023943 	 0.079971 
762 	 0.023938 	 0.079971 
763 	 0.023934 	 0.079972 
764 	 0.023925 	 0.079972 
765 	 0.023851 	 0.079961 
766 	 0.023842 	 0.079962 
767 	 0.023790 	 0.079962 
768 	 0.023781 	 0.079963 
769 	 0.023773 	 0.079964 
770 	 0.023764 	 0.079965 
771 	 0.023756 	 0.079966 
772 	 0.023748 	 0.079966 
773 	 0.023744 	 0.079967 
774 	 0.023736 	 0.079968 
775 	 0.023732 	 0.079968 
776 	 0.023724 	 0.079969 
777 	 0.023720 	 0.079970 
778 	 0.023712 	 0.079970 
779 	 0.023702 	 0.079971 
780 	 0.023699 	 0.079972 
781 	 0.023690 	 0.079973 
782 	 0.023687 	 0.079973 
783 	 0.023683 	 0.079974 
784 	 0.023680 	 0.079974 
785 	 0.023672 	 0.079975 
786 	 0.023668 	 0.079975 
787 	 0.023660 	 0.079976 
788 	 0.023657 	 0.079977 
789 	 0.023649 	 0.079978 
790 	 0.023645 	 0.079978 
791 	 0.023641 	 0.079979 
792 	 0.023634 	 0.079980 
793 	 0.023626 	 0.079981 
794 	 0.023623 	 0.079981 
795 	 0.023615 	 0.079982 
796 	 0.023612 	 0.079983 
797 	 0.023608 	 0.079983 
798 	 0.023600 	 0.079984 
799 	 0.023597 	 0.079984 
800 	 0.023589 	 0.079986 
801 	 0.023582 	 0.079987 
802 	 0.023574 	 0.079988 
803 	 0.023567 	 0.079989 
804 	 0.023327 	 0.080019 
805 	 0.023323 	 0.080019 
806 	 0.023320 	 0.080020 
807 	 0.023313 	 0.080021 
808 	 0.023310 	 0.080021 
809 	 0.023307 	 0.080022 
810 	 0.023300 	 0.080023 
811 	 0.023291 	 0.080024 
812 	 0.023288 	 0.080025 
813 	 0.023284 	 0.080025 
814 	 0.023277 	 0.080026 
815 	 0.023234 	 0.080028 
816 	 0.023227 	 0.080029 
817 	 0.023220 	 0.080031 
818 	 0.023213 	 0.080032 
819 	 0.023210 	 0.080032 
820 	 0.023207 	 0.080033 
821 	 0.023200 	 0.080034 
822 	 0.023197 	 0.080035 
823 	 0.023193 	 0.080035 
824 	 0.023186 	 0.080037 
825 	 0.023183 	 0.080037 
826 	 0.023176 	 0.080038 
827 	 0.023169 	 0.080040 
828 	 0.023166 	 0.080040 
829 	 0.023159 	 0.080041 
830 	 0.023153 	 0.080043 
831 	 0.023146 	 0.080044 
832 	 0.023143 	 0.080044 
833 	 0.023137 	 0.080046 
834 	 0.023134 	 0.080046 
835 	 0.023127 	 0.080047 
836 	 0.023120 	 0.080049 
837 	 0.023114 	 0.080050 
838 	 0.023107 	 0.080051 
839 	 0.023104 	 0.080052 
840 	 0.023101 	 0.080052 
841 	 0.023099 	 0.080053 
842 	 0.023092 	 0.080054 
843 	 0.023086 	 0.080055 
844 	 0.023079 	 0.080057 
845 	 0.023073 	 0.080058 
846 	 0.023070 	 0.080058 
847 	 0.023064 	 0.080060 
848 	 0.023061 	 0.080060 
849 	 0.023055 	 0.080061 
850 	 0.023048 	 0.080063 
851 	 0.023045 	 0.080063 
852 	 0.023168 	 0.080012 
853 	 0.023165 	 0.080012 
854 	 0.023158 	 0.080014 
855 	 0.023152 	 0.080015 
856 	 0.023145 	 0.080016 
857 	 0.023142 	 0.080017 
858 	 0.023135 	 0.080018 
859 	 0.023074 	 0.080022 
860 	 0.023070 	 0.080023 
861 	 0.023067 	 0.080023 
862 	 0.023064 	 0.080024 
863 	 0.023058 	 0.080025 
864 	 0.023055 	 0.080026 
865 	 0.022998 	 0.080030 
866 	 0.022937 	 0.080024 
867 	 0.022934 	 0.080024 
868 	 0.022928 	 0.080025 
869 	 0.022925 	 0.080026 
870 	 0.022922 	 0.080026 
871 	 0.022920 	 0.080027 
872 	 0.022917 	 0.080027 
873 	 0.022911 	 0.080029 
874 	 0.022908 	 0.080029 
875 	 0.022905 	 0.080030 
876 	 0.022902 	 0.080030 
877 	 0.022896 	 0.080032 
878 	 0.022890 	 0.080033 
879 	 0.022887 	 0.080034 
880 	 0.022881 	 0.080035 
881 	 0.022875 	 0.080037 
882 	 0.022872 	 0.080037 
883 	 0.022866 	 0.080039 
884 	 0.022859 	 0.080040 
885 	 0.022857 	 0.080041 
886 	 0.022851 	 0.080042 
887 	 0.022848 	 0.080043 
888 	 0.022842 	 0.080044 
889 	 0.022839 	 0.080045 
890 	 0.022833 	 0.080046 
891 	 0.022827 	 0.080047 
892 	 0.022822 	 0.080049 
893 	 0.022816 	 0.080050 
894 	 0.022810 	 0.080051 
895 	 0.022804 	 0.080053 
896 	 0.022798 	 0.080054 
897 	 0.022793 	 0.080055 
898 	 0.022788 	 0.080056 
899 	 0.022782 	 0.080058 
900 	 0.022776 	 0.080059 
901 	 0.022770 	 0.080061 
902 	 0.022765 	 0.080062 
903 	 0.022762 	 0.080063 
904 	 0.022756 	 0.080064 
905 	 0.022754 	 0.080065 
906 	 0.022751 	 0.080065 
907 	 0.022746 	 0.080067 
908 	 0.022740 	 0.080068 
909 	 0.022738 	 0.080069 
910 	 0.022735 	 0.080070 
911 	 0.022730 	 0.080071 
912 	 0.022724 	 0.080072 
913 	 0.022719 	 0.080074 
914 	 0.022713 	 0.080075 
915 	 0.022708 	 0.080077 
916 	 0.022705 	 0.080077 
917 	 0.022703 	 0.080078 
918 	 0.022697 	 0.080079 
919 	 0.022695 	 0.080080 
920 	 0.022689 	 0.080082 
921 	 0.022684 	 0.080083 
922 	 0.022681 	 0.080084 
923 	 0.022506 	 0.080113 
924 	 0.022501 	 0.080114 
925 	 0.022496 	 0.080116 
926 	 0.022490 	 0.080117 
927 	 0.022485 	 0.080118 
928 	 0.022481 	 0.080120 
929 	 0.022478 	 0.080120 
930 	 0.022473 	 0.080122 
931 	 0.022471 	 0.080123 
932 	 0.022466 	 0.080124 
933 	 0.022461 	 0.080126 
934 	 0.022456 	 0.080127 
935 	 0.022453 	 0.080128 
936 	 0.022448 	 0.080129 
937 	 0.022443 	 0.080131 
938 	 0.022441 	 0.080131 
939 	 0.022436 	 0.080133 
940 	 0.022431 	 0.080134 
941 	 0.022426 	 0.080136 
942 	 0.022421 	 0.080137 
943 	 0.022419 	 0.080138 
944 	 0.022414 	 0.080139 
945 	 0.022409 	 0.080141 
946 	 0.022405 	 0.080142 
947 	 0.022402 	 0.080143 
948 	 0.022400 	 0.080143 
949 	 0.022359 	 0.080149 
950 	 0.022356 	 0.080150 
951 	 0.022354 	 0.080150 
952 	 0.022352 	 0.080151 
953 	 0.022350 	 0.080152 
954 	 0.022345 	 0.080153 
955 	 0.022343 	 0.080154 
956 	 0.022340 	 0.080155 
957 	 0.022338 	 0.080155 
958 	 0.022332 	 0.080157 
959 	 0.022327 	 0.080158 
960 	 0.022325 	 0.080159 
961 	 0.022323 	 0.080160 
962 	 0.022319 	 0.080161 
963 	 0.022314 	 0.080163 
964 	 0.022312 	 0.080164 
965 	 0.022310 	 0.080164 
966 	 0.022308 	 0.080165 
967 	 0.022306 	 0.080165 
968 	 0.022303 	 0.080166 
969 	 0.022299 	 0.080168 
970 	 0.022293 	 0.080169 
971 	 0.022289 	 0.080171 
972 	 0.022284 	 0.080173 
973 	 0.022282 	 0.080173 
974 	 0.022278 	 0.080175 
975 	 0.022273 	 0.080176 
976 	 0.022269 	 0.080178 
977 	 0.022266 	 0.080178 
978 	 0.022262 	 0.080180 
979 	 0.022260 	 0.080181 
980 	 0.022255 	 0.080182 
981 	 0.022250 	 0.080184 
982 	 0.022246 	 0.080185 
983 	 0.022241 	 0.080187 
984 	 0.022239 	 0.080188 
985 	 0.022234 	 0.080189 
986 	 0.022230 	 0.080191 
987 	 0.022225 	 0.080193 
988 	 0.022197 	 0.080197 
989 	 0.022195 	 0.080197 
990 	 0.022193 	 0.080198 
991 	 0.022191 	 0.080199 
992 	 0.022189 	 0.080199 
993 	 0.022185 	 0.080201 
994 	 0.022183 	 0.080202 
995 	 0.022179 	 0.080203 
996 	 0.022177 	 0.080204 
997 	 0.022173 	 0.080205 
998 	 0.022043 	 0.080232 
999 	 0.022041 	 0.080233 
1000 	 0.022039 	 0.080233 
1001 	 0.022035 	 0.080235 
1002 	 0.022031 	 0.080236 
1003 	 0.022030 	 0.080237 
1004 	 0.022028 	 0.080238 
1005 	 0.022024 	 0.080239 
1006 	 0.022020 	 0.080241 
1007 	 0.022016 	 0.080242 
1008 	 0.022014 	 0.080243 
1009 	 0.022012 	 0.080244 
1010 	 0.022010 	 0.080244 
1011 	 0.022006 	 0.080246 
1012 	 0.022002 	 0.080247 
1013 	 0.022000 	 0.080248 
1014 	 0.021999 	 0.080249 
1015 	 0.021995 	 0.080251 
1016 	 0.021993 	 0.080251 
1017 	 0.021989 	 0.080253 
1018 	 0.021985 	 0.080254 
1019 	 0.021981 	 0.080256 
1020 	 0.021979 	 0.080257 
1021 	 0.021978 	 0.080257 
1022 	 0.021976 	 0.080258 
1023 	 0.021972 	 0.080259 
1024 	 0.021970 	 0.080260 
1025 	 0.021969 	 0.080261 
1026 	 0.021967 	 0.080261 
1027 	 0.021965 	 0.080262 
1028 	 0.021961 	 0.080264 
1029 	 0.021960 	 0.080264 
1030 	 0.021958 	 0.080265 
1031 	 0.021954 	 0.080267 
1032 	 0.021950 	 0.080268 
1033 	 0.021946 	 0.080270 
1034 	 0.021943 	 0.080272 
1035 	 0.021941 	 0.080272 
1036 	 0.021937 	 0.080274 
1037 	 0.021933 	 0.080275 
1038 	 0.021930 	 0.080277 
1039 	 0.021926 	 0.080278 
1040 	 0.021924 	 0.080279 
1041 	 0.021921 	 0.080281 
1042 	 0.021917 	 0.080282 
1043 	 0.021913 	 0.080284 
1044 	 0.021912 	 0.080284 
1045 	 0.021908 	 0.080286 
1046 	 0.021906 	 0.080287 
1047 	 0.021903 	 0.080288 
1048 	 0.021899 	 0.080290 
1049 	 0.021898 	 0.080290 
1050 	 0.021894 	 0.080292 
1051 	 0.021890 	 0.080293 
1052 	 0.021889 	 0.080294 
1053 	 0.021885 	 0.080296 
1054 	 0.021883 	 0.080297 
1055 	 0.021880 	 0.080298 
1056 	 0.021876 	 0.080300 
1057 	 0.021872 	 0.080301 
1058 	 0.021871 	 0.080302 
1059 	 0.021869 	 0.080303 
1060 	 0.021868 	 0.080304 
1061 	 0.021866 	 0.080304 
1062 	 0.021818 	 0.080304 
1063 	 0.021816 	 0.080305 
1064 	 0.021813 	 0.080306 
1065 	 0.021809 	 0.080308 
1066 	 0.021806 	 0.080310 
1067 	 0.021802 	 0.080311 
1068 	 0.021696 	 0.080336 
1069 	 0.021693 	 0.080338 
1070 	 0.021691 	 0.080338 
1071 	 0.021604 	 0.080362 
1072 	 0.021601 	 0.080363 
1073 	 0.021527 	 0.080385 
1074 	 0.021524 	 0.080386 
1075 	 0.021521 	 0.080388 
1076 	 0.021520 	 0.080388 
1077 	 0.021518 	 0.080389 
1078 	 0.021515 	 0.080391 
1079 	 0.021514 	 0.080392 
1080 	 0.021511 	 0.080393 
1081 	 0.021508 	 0.080395 
1082 	 0.021505 	 0.080396 
1083 	 0.021503 	 0.080397 
1084 	 0.021502 	 0.080398 
1085 	 0.021500 	 0.080399 
1086 	 0.021499 	 0.080399 
1087 	 0.021495 	 0.080401 
1088 	 0.021492 	 0.080402 
1089 	 0.021489 	 0.080404 
1090 	 0.021488 	 0.080405 
1091 	 0.021485 	 0.080406 
1092 	 0.021483 	 0.080407 
1093 	 0.021482 	 0.080408 
1094 	 0.021481 	 0.080408 
1095 	 0.021478 	 0.080410 
1096 	 0.021475 	 0.080411 
1097 	 0.021472 	 0.080413 
1098 	 0.021470 	 0.080414 
1099 	 0.021467 	 0.080415 
1100 	 0.021464 	 0.080417 
1101 	 0.021463 	 0.080418 
1102 	 0.021462 	 0.080418 
1103 	 0.021460 	 0.080419 
1104 	 0.021459 	 0.080420 
1105 	 0.021458 	 0.080421 
1106 	 0.021455 	 0.080422 
1107 	 0.021453 	 0.080423 
1108 	 0.021450 	 0.080424 
1109 	 0.021389 	 0.080445 
1110 	 0.021387 	 0.080446 
1111 	 0.021384 	 0.080448 
1112 	 0.021381 	 0.080449 
1113 	 0.021379 	 0.080450 
1114 	 0.021377 	 0.080452 
1115 	 0.021375 	 0.080452 
1116 	 0.021373 	 0.080454 
1117 	 0.021370 	 0.080455 
1118 	 0.021368 	 0.080456 
1119 	 0.021366 	 0.080458 
1120 	 0.021363 	 0.080459 
1121 	 0.021362 	 0.080460 
1122 	 0.021360 	 0.080461 
1123 	 0.021359 	 0.080461 
1124 	 0.021358 	 0.080462 
1125 	 0.021355 	 0.080464 
1126 	 0.021352 	 0.080465 
1127 	 0.021351 	 0.080466 
1128 	 0.021349 	 0.080467 
1129 	 0.021406 	 0.080401 
1130 	 0.021403 	 0.080402 
1131 	 0.021400 	 0.080404 
1132 	 0.021398 	 0.080404 
1133 	 0.021458 	 0.080337 
1134 	 0.021455 	 0.080339 
1135 	 0.021453 	 0.080339 
1136 	 0.021450 	 0.080341 
1137 	 0.021447 	 0.080342 
1138 	 0.021444 	 0.080344 
1139 	 0.021440 	 0.080346 
1140 	 0.021437 	 0.080347 
1141 	 0.021434 	 0.080349 
1142 	 0.021433 	 0.080350 
1143 	 0.021431 	 0.080350 
1144 	 0.021429 	 0.080351 
1145 	 0.021426 	 0.080353 
1146 	 0.021425 	 0.080353 
1147 	 0.021423 	 0.080354 
1148 	 0.021422 	 0.080355 
1149 	 0.021419 	 0.080356 
1150 	 0.021416 	 0.080358 
1151 	 0.021413 	 0.080359 
1152 	 0.021410 	 0.080361 
1153 	 0.021408 	 0.080362 
1154 	 0.021407 	 0.080362 
1155 	 0.021406 	 0.080363 
1156 	 0.021403 	 0.080365 
1157 	 0.021399 	 0.080366 
1158 	 0.021397 	 0.080367 
1159 	 0.021396 	 0.080368 
1160 	 0.021393 	 0.080370 
1161 	 0.021391 	 0.080370 
1162 	 0.021388 	 0.080372 
1163 	 0.021385 	 0.080373 
1164 	 0.021382 	 0.080375 
1165 	 0.021381 	 0.080376 
1166 	 0.021380 	 0.080376 
1167 	 0.021378 	 0.080377 
1168 	 0.021375 	 0.080379 
1169 	 0.021374 	 0.080379 
1170 	 0.021373 	 0.080380 
1171 	 0.021370 	 0.080382 
1172 	 0.021368 	 0.080382 
1173 	 0.021365 	 0.080384 
1174 	 0.021364 	 0.080385 
1175 	 0.021362 	 0.080385 
1176 	 0.021361 	 0.080386 
1177 	 0.021360 	 0.080387 
1178 	 0.021357 	 0.080389 
1179 	 0.021355 	 0.080389 
1180 	 0.021352 	 0.080391 
1181 	 0.021351 	 0.080391 
1182 	 0.021350 	 0.080392 
1183 	 0.021348 	 0.080393 
1184 	 0.021405 	 0.080323 
1185 	 0.021404 	 0.080324 
1186 	 0.021401 	 0.080325 
1187 	 0.021398 	 0.080327 
1188 	 0.021394 	 0.080328 
1189 	 0.021391 	 0.080330 
1190 	 0.021449 	 0.080259 
1191 	 0.021446 	 0.080261 
1192 	 0.021444 	 0.080262 
1193 	 0.021443 	 0.080262 
1194 	 0.021439 	 0.080264 
1195 	 0.021438 	 0.080265 
1196 	 0.021434 	 0.080266 
1197 	 0.021433 	 0.080267 
1198 	 0.021379 	 0.080266 
1199 	 0.021375 	 0.080268 
1200 	 0.021374 	 0.080268 
1201 	 0.021372 	 0.080269 
1202 	 0.021371 	 0.080270 
1203 	 0.021367 	 0.080271 
1204 	 0.021364 	 0.080273 
1205 	 0.021361 	 0.080275 
1206 	 0.021358 	 0.080276 
1207 	 0.021354 	 0.080278 
1208 	 0.021353 	 0.080279 
1209 	 0.021351 	 0.080280 
1210 	 0.021350 	 0.080280 
1211 	 0.021347 	 0.080282 
1212 	 0.021343 	 0.080284 
1213 	 0.021340 	 0.080285 
1214 	 0.021337 	 0.080287 
1215 	 0.021334 	 0.080288 
1216 	 0.021331 	 0.080290 
1217 	 0.021328 	 0.080292 
1218 	 0.021324 	 0.080293 
1219 	 0.021323 	 0.080294 
1220 	 0.021322 	 0.080295 
1221 	 0.021320 	 0.080295 
1222 	 0.021317 	 0.080297 
1223 	 0.021315 	 0.080298 
1224 	 0.021312 	 0.080299 
1225 	 0.021311 	 0.080300 
1226 	 0.021310 	 0.080301 
1227 	 0.021308 	 0.080302 
1228 	 0.021305 	 0.080303 
1229 	 0.021302 	 0.080305 
1230 	 0.021300 	 0.080306 
1231 	 0.021297 	 0.080307 
1232 	 0.021296 	 0.080308 
1233 	 0.021293 	 0.080309 
1234 	 0.021290 	 0.080311 
1235 	 0.021288 	 0.080312 
1236 	 0.021287 	 0.080313 
1237 	 0.021286 	 0.080313 
1238 	 0.021283 	 0.080315 
1239 	 0.021281 	 0.080316 
1240 	 0.021280 	 0.080316 
1241 	 0.021277 	 0.080318 
1242 	 0.021276 	 0.080319 
1243 	 0.021273 	 0.080320 
1244 	 0.021270 	 0.080322 
1245 	 0.021267 	 0.080323 
1246 	 0.021266 	 0.080324 
1247 	 0.021263 	 0.080326 
1248 	 0.021261 	 0.080326 
1249 	 0.021260 	 0.080327 
1250 	 0.021257 	 0.080329 
1251 	 0.021255 	 0.080330 
1252 	 0.021252 	 0.080331 
1253 	 0.021249 	 0.080333 
1254 	 0.021246 	 0.080334 
1255 	 0.021243 	 0.080336 
1256 	 0.021241 	 0.080338 
1257 	 0.021239 	 0.080338 
1258 	 0.021238 	 0.080339 
1259 	 0.021235 	 0.080341 
1260 	 0.021234 	 0.080341 
1261 	 0.021231 	 0.080343 
1262 	 0.021228 	 0.080345 
1263 	 0.021225 	 0.080346 
1264 	 0.021224 	 0.080347 
1265 	 0.021223 	 0.080348 
1266 	 0.021221 	 0.080348 
1267 	 0.021218 	 0.080350 
1268 	 0.021215 	 0.080352 
1269 	 0.021212 	 0.080354 
1270 	 0.021211 	 0.080354 
1271 	 0.021208 	 0.080356 
1272 	 0.021205 	 0.080358 
1273 	 0.021204 	 0.080358 
1274 	 0.021203 	 0.080359 
1275 	 0.021200 	 0.080361 
1276 	 0.021197 	 0.080362 
1277 	 0.021196 	 0.080363 
1278 	 0.021195 	 0.080364 
1279 	 0.021192 	 0.080365 
1280 	 0.021189 	 0.080367 
1281 	 0.021186 	 0.080369 
1282 	 0.021166 	 0.080374 
1283 	 0.021165 	 0.080375 
1284 	 0.021162 	 0.080376 
1285 	 0.021161 	 0.080377 
1286 	 0.021158 	 0.080379 
1287 	 0.021155 	 0.080380 
1288 	 0.021154 	 0.080381 
1289 	 0.021151 	 0.080383 
1290 	 0.021149 	 0.080384 
1291 	 0.021146 	 0.080386 
1292 	 0.021145 	 0.080387 
1293 	 0.021143 	 0.080388 
1294 	 0.021141 	 0.080389 
1295 	 0.021138 	 0.080391 
1296 	 0.021137 	 0.080392 
1297 	 0.021136 	 0.080393 
1298 	 0.021133 	 0.080394 
1299 	 0.021132 	 0.080395 
1300 	 0.021129 	 0.080397 
1301 	 0.021128 	 0.080397 
1302 	 0.021126 	 0.080398 
1303 	 0.021124 	 0.080400 
1304 	 0.021123 	 0.080400 
1305 	 0.021122 	 0.080401 
1306 	 0.021120 	 0.080402 
1307 	 0.021119 	 0.080403 
1308 	 0.021118 	 0.080403 
1309 	 0.021117 	 0.080404 
1310 	 0.021114 	 0.080406 
1311 	 0.021111 	 0.080407 
1312 	 0.021110 	 0.080408 
1313 	 0.021109 	 0.080409 
1314 	 0.021107 	 0.080410 
1315 	 0.021104 	 0.080412 
1316 	 0.021103 	 0.080413 
1317 	 0.021100 	 0.080414 
1318 	 0.021098 	 0.080416 
1319 	 0.021097 	 0.080416 
1320 	 0.021095 	 0.080417 
1321 	 0.021093 	 0.080419 
1322 	 0.021090 	 0.080421 
1323 	 0.021088 	 0.080422 
1324 	 0.021085 	 0.080424 
1325 	 0.021082 	 0.080426 
1326 	 0.021080 	 0.080427 
1327 	 0.021077 	 0.080429 
1328 	 0.021076 	 0.080430 
1329 	 0.021075 	 0.080430 
1330 	 0.021074 	 0.080431 
1331 	 0.021071 	 0.080433 
1332 	 0.021070 	 0.080433 
1333 	 0.021069 	 0.080434 
1334 	 0.021066 	 0.080436 
1335 	 0.021064 	 0.080437 
1336 	 0.021062 	 0.080439 
1337 	 0.021059 	 0.080441 
1338 	 0.021057 	 0.080442 
1339 	 0.021056 	 0.080443 
1340 	 0.021053 	 0.080445 
1341 	 0.021051 	 0.080446 
1342 	 0.021048 	 0.080448 
1343 	 0.021047 	 0.080449 
1344 	 0.021045 	 0.080450 
1345 	 0.021043 	 0.080451 
1346 	 0.021041 	 0.080453 
1347 	 0.021039 	 0.080454 
1348 	 0.021036 	 0.080456 
1349 	 0.021034 	 0.080457 
1350 	 0.021033 	 0.080458 
1351 	 0.021032 	 0.080459 
1352 	 0.021031 	 0.080460 
1353 	 0.021030 	 0.080460 
1354 	 0.021028 	 0.080462 
1355 	 0.021025 	 0.080463 
1356 	 0.021024 	 0.080464 
1357 	 0.021022 	 0.080466 
1358 	 0.021021 	 0.080466 
1359 	 0.021020 	 0.080467 
1360 	 0.021018 	 0.080468 
1361 	 0.021015 	 0.080470 
1362 	 0.021014 	 0.080471 
1363 	 0.021013 	 0.080471 
1364 	 0.021011 	 0.080473 
1365 	 0.021009 	 0.080475 
1366 	 0.021008 	 0.080475 
1367 	 0.021005 	 0.080477 
1368 	 0.021003 	 0.080479 
1369 	 0.021001 	 0.080480 
1370 	 0.020999 	 0.080481 
1371 	 0.020998 	 0.080482 
1372 	 0.020996 	 0.080483 
1373 	 0.021034 	 0.080408 
1374 	 0.021032 	 0.080409 
1375 	 0.021029 	 0.080411 
1376 	 0.021028 	 0.080411 
1377 	 0.021026 	 0.080413 
1378 	 0.021023 	 0.080415 
1379 	 0.021022 	 0.080415 
1380 	 0.021020 	 0.080417 
1381 	 0.021017 	 0.080419 
1382 	 0.021014 	 0.080420 
1383 	 0.021013 	 0.080421 
1384 	 0.021011 	 0.080423 
1385 	 0.021009 	 0.080424 
1386 	 0.021006 	 0.080426 
1387 	 0.020989 	 0.080431 
1388 	 0.020986 	 0.080433 
1389 	 0.020985 	 0.080434 
1390 	 0.020983 	 0.080435 
1391 	 0.020982 	 0.080436 
1392 	 0.020981 	 0.080436 
1393 	 0.020980 	 0.080437 
1394 	 0.020979 	 0.080438 
1395 	 0.020976 	 0.080440 
1396 	 0.020974 	 0.080441 
1397 	 0.020973 	 0.080442 
1398 	 0.020970 	 0.080443 
1399 	 0.020968 	 0.080445 
1400 	 0.020967 	 0.080446 
1401 	 0.020966 	 0.080446 
1402 	 0.020965 	 0.080447 
1403 	 0.020964 	 0.080448 
1404 	 0.020963 	 0.080448 
1405 	 0.020962 	 0.080449 
1406 	 0.020959 	 0.080451 
1407 	 0.020957 	 0.080452 
1408 	 0.020955 	 0.080454 
1409 	 0.020953 	 0.080455 
1410 	 0.020950 	 0.080457 
1411 	 0.020948 	 0.080458 
1412 	 0.020946 	 0.080460 
1413 	 0.020945 	 0.080461 
1414 	 0.020944 	 0.080461 
1415 	 0.020943 	 0.080462 
1416 	 0.020941 	 0.080464 
1417 	 0.020939 	 0.080465 
1418 	 0.020936 	 0.080467 
1419 	 0.020934 	 0.080468 
1420 	 0.020933 	 0.080469 
1421 	 0.020931 	 0.080471 
1422 	 0.020929 	 0.080472 
1423 	 0.020927 	 0.080474 
1424 	 0.020924 	 0.080475 
1425 	 0.020923 	 0.080476 
1426 	 0.020922 	 0.080477 
1427 	 0.020921 	 0.080478 
1428 	 0.020920 	 0.080478 
1429 	 0.020918 	 0.080480 
1430 	 0.020916 	 0.080481 
1431 	 0.020915 	 0.080482 
1432 	 0.020914 	 0.080483 
1433 	 0.020913 	 0.080483 
1434 	 0.020912 	 0.080484 
1435 	 0.020910 	 0.080486 
1436 	 0.020908 	 0.080487 
1437 	 0.020907 	 0.080488 
1438 	 0.020906 	 0.080489 
1439 	 0.020904 	 0.080490 
1440 	 0.020902 	 0.080492 
1441 	 0.020901 	 0.080492 
1442 	 0.020899 	 0.080494 
1443 	 0.020896 	 0.080495 
1444 	 0.020896 	 0.080496 
1445 	 0.020893 	 0.080498 
1446 	 0.020892 	 0.080499 
1447 	 0.020890 	 0.080500 
1448 	 0.020888 	 0.080502 
1449 	 0.020887 	 0.080502 
1450 	 0.020885 	 0.080504 
1451 	 0.020883 	 0.080506 
1452 	 0.020882 	 0.080506 
1453 	 0.020881 	 0.080507 
1454 	 0.020867 	 0.080512 
1455 	 0.020865 	 0.080513 
1456 	 0.020863 	 0.080515 
1457 	 0.020861 	 0.080516 
1458 	 0.020859 	 0.080518 
1459 	 0.020858 	 0.080519 
1460 	 0.020888 	 0.080440 
1461 	 0.020886 	 0.080442 
1462 	 0.020884 	 0.080444 
1463 	 0.020883 	 0.080444 
1464 	 0.020882 	 0.080445 
1465 	 0.020833 	 0.080465 
1466 	 0.020818 	 0.080470 
1467 	 0.020816 	 0.080472 
1468 	 0.020803 	 0.080477 
1469 	 0.020801 	 0.080478 
1470 	 0.020800 	 0.080479 
1471 	 0.020785 	 0.080484 
1472 	 0.020783 	 0.080486 
1473 	 0.020781 	 0.080487 
1474 	 0.020780 	 0.080488 
1475 	 0.020778 	 0.080489 
1476 	 0.020777 	 0.080490 
1477 	 0.020775 	 0.080492 
1478 	 0.020773 	 0.080493 
1479 	 0.020772 	 0.080494 
1480 	 0.020771 	 0.080495 
1481 	 0.020769 	 0.080496 
1482 	 0.020767 	 0.080498 
1483 	 0.020766 	 0.080498 
1484 	 0.020765 	 0.080499 
1485 	 0.020765 	 0.080500 
1486 	 0.020764 	 0.080500 
1487 	 0.020763 	 0.080501 
1488 	 0.020761 	 0.080503 
1489 	 0.020759 	 0.080504 
1490 	 0.020758 	 0.080505 
1491 	 0.020756 	 0.080507 
1492 	 0.020755 	 0.080507 
1493 	 0.020754 	 0.080508 
1494 	 0.020752 	 0.080510 
1495 	 0.020751 	 0.080510 
1496 	 0.020749 	 0.080512 
1497 	 0.020747 	 0.080513 
1498 	 0.020745 	 0.080515 
1499 	 0.020744 	 0.080515 
1500 	 0.020732 	 0.080520 
1501 	 0.020731 	 0.080520 
1502 	 0.020730 	 0.080522 
1503 	 0.020729 	 0.080523 
1504 	 0.020727 	 0.080524 
1505 	 0.020726 	 0.080525 
1506 	 0.020724 	 0.080526 
1507 	 0.020722 	 0.080528 
1508 	 0.020720 	 0.080530 
1509 	 0.020719 	 0.080531 
1510 	 0.020717 	 0.080532 
1511 	 0.020715 	 0.080534 
1512 	 0.020714 	 0.080534 
1513 	 0.020712 	 0.080536 
1514 	 0.020710 	 0.080537 
1515 	 0.020709 	 0.080538 
1516 	 0.020709 	 0.080539 
1517 	 0.020708 	 0.080540 
1518 	 0.020706 	 0.080541 
1519 	 0.020704 	 0.080543 
1520 	 0.020702 	 0.080544 
1521 	 0.020700 	 0.080546 
1522 	 0.020699 	 0.080547 
1523 	 0.020686 	 0.080552 
1524 	 0.020684 	 0.080553 
1525 	 0.020683 	 0.080555 
1526 	 0.020681 	 0.080556 
1527 	 0.020679 	 0.080558 
1528 	 0.020677 	 0.080559 
1529 	 0.020675 	 0.080561 
1530 	 0.020675 	 0.080561 
1531 	 0.020663 	 0.080566 
1532 	 0.020663 	 0.080567 
1533 	 0.020661 	 0.080568 
1534 	 0.020660 	 0.080569 
1535 	 0.020659 	 0.080570 
1536 	 0.020657 	 0.080571 
1537 	 0.020655 	 0.080573 
1538 	 0.020654 	 0.080574 
1539 	 0.020652 	 0.080576 
1540 	 0.020650 	 0.080577 
1541 	 0.020649 	 0.080578 
1542 	 0.020649 	 0.080578 
1543 	 0.020647 	 0.080580 
1544 	 0.020645 	 0.080582 
1545 	 0.020643 	 0.080583 
1546 	 0.020642 	 0.080585 
1547 	 0.020640 	 0.080586 
1548 	 0.020639 	 0.080587 
1549 	 0.020638 	 0.080588 
1550 	 0.020637 	 0.080588 
1551 	 0.020636 	 0.080590 
1552 	 0.020635 	 0.080591 
1553 	 0.020634 	 0.080591 
1554 	 0.020633 	 0.080592 
1555 	 0.020632 	 0.080593 
1556 	 0.020632 	 0.080593 
1557 	 0.020630 	 0.080595 
1558 	 0.020628 	 0.080596 
1559 	 0.020626 	 0.080598 
1560 	 0.020626 	 0.080598 
1561 	 0.020624 	 0.080600 
1562 	 0.020623 	 0.080601 
1563 	 0.020622 	 0.080601 
1564 	 0.020622 	 0.080602 
1565 	 0.020620 	 0.080603 
1566 	 0.020619 	 0.080604 
1567 	 0.020619 	 0.080605 
1568 	 0.020585 	 0.080607 
1569 	 0.020584 	 0.080608 
1570 	 0.020602 	 0.080527 
1571 	 0.020600 	 0.080529 
1572 	 0.020598 	 0.080530 
1573 	 0.020597 	 0.080531 
1574 	 0.020596 	 0.080532 
1575 	 0.020595 	 0.080533 
1576 	 0.020594 	 0.080534 
1577 	 0.020593 	 0.080535 
1578 	 0.020592 	 0.080536 
1579 	 0.020590 	 0.080537 
1580 	 0.020589 	 0.080538 
1581 	 0.020550 	 0.080557 
1582 	 0.020548 	 0.080558 
1583 	 0.020548 	 0.080559 
1584 	 0.020546 	 0.080561 
1585 	 0.020545 	 0.080561 
1586 	 0.020544 	 0.080562 
1587 	 0.020543 	 0.080563 
1588 	 0.020541 	 0.080565 
1589 	 0.020539 	 0.080567 
1590 	 0.020538 	 0.080568 
1591 	 0.020536 	 0.080570 
1592 	 0.020535 	 0.080570 
1593 	 0.020533 	 0.080572 
1594 	 0.020532 	 0.080573 
1595 	 0.020530 	 0.080575 
1596 	 0.020529 	 0.080576 
1597 	 0.020529 	 0.080576 
1598 	 0.020527 	 0.080578 
1599 	 0.020526 	 0.080578 
1600 	 0.020525 	 0.080579 
1601 	 0.020524 	 0.080581 
1602 	 0.020537 	 0.080497 
1603 	 0.020535 	 0.080499 
1604 	 0.020504 	 0.080501 
1605 	 0.020502 	 0.080503 
1606 	 0.020491 	 0.080507 
1607 	 0.020489 	 0.080509 
1608 	 0.020487 	 0.080511 
1609 	 0.020477 	 0.080515 
1610 	 0.020476 	 0.080516 
1611 	 0.020475 	 0.080516 
1612 	 0.020474 	 0.080518 
1613 	 0.020473 	 0.080519 
1614 	 0.020471 	 0.080520 
1615 	 0.020470 	 0.080521 
1616 	 0.020469 	 0.080523 
1617 	 0.020467 	 0.080524 
1618 	 0.020467 	 0.080524 
1619 	 0.020466 	 0.080525 
1620 	 0.020464 	 0.080527 
1621 	 0.020462 	 0.080528 
1622 	 0.020461 	 0.080530 
1623 	 0.020459 	 0.080531 
1624 	 0.020467 	 0.080444 
1625 	 0.020465 	 0.080445 
1626 	 0.020454 	 0.080450 
1627 	 0.020452 	 0.080452 
1628 	 0.020451 	 0.080453 
1629 	 0.020450 	 0.080453 
1630 	 0.020449 	 0.080454 
1631 	 0.020448 	 0.080456 
1632 	 0.020446 	 0.080457 
1633 	 0.020444 	 0.080459 
1634 	 0.020442 	 0.080460 
1635 	 0.020440 	 0.080462 
1636 	 0.020439 	 0.080463 
1637 	 0.020439 	 0.080464 
1638 	 0.020438 	 0.080464 
1639 	 0.020436 	 0.080466 
1640 	 0.020435 	 0.080467 
1641 	 0.020433 	 0.080468 
1642 	 0.020433 	 0.080469 
1643 	 0.020431 	 0.080471 
1644 	 0.020430 	 0.080471 
1645 	 0.020403 	 0.080474 
1646 	 0.020402 	 0.080476 
1647 	 0.020400 	 0.080477 
1648 	 0.020398 	 0.080479 
1649 	 0.020397 	 0.080479 
1650 	 0.020396 	 0.080481 
1651 	 0.020394 	 0.080482 
1652 	 0.020392 	 0.080484 
1653 	 0.020392 	 0.080485 
1654 	 0.020391 	 0.080485 
1655 	 0.020389 	 0.080487 
1656 	 0.020388 	 0.080488 
1657 	 0.020388 	 0.080488 
1658 	 0.020387 	 0.080489 
1659 	 0.020385 	 0.080491 
1660 	 0.020384 	 0.080492 
1661 	 0.020382 	 0.080494 
1662 	 0.020381 	 0.080495 
1663 	 0.020379 	 0.080496 
1664 	 0.020378 	 0.080498 
1665 	 0.020376 	 0.080500 
1666 	 0.020375 	 0.080500 
1667 	 0.020374 	 0.080502 
1668 	 0.020373 	 0.080503 
1669 	 0.020371 	 0.080504 
1670 	 0.020370 	 0.080506 
1671 	 0.020368 	 0.080507 
1672 	 0.020366 	 0.080509 
1673 	 0.020365 	 0.080511 
1674 	 0.020364 	 0.080511 
1675 	 0.020362 	 0.080513 
1676 	 0.020362 	 0.080514 
1677 	 0.020360 	 0.080515 
1678 	 0.020358 	 0.080517 
1679 	 0.020357 	 0.080518 
1680 	 0.020355 	 0.080520 
1681 	 0.020354 	 0.080522 
1682 	 0.020353 	 0.080522 
1683 	 0.020351 	 0.080524 
1684 	 0.020350 	 0.080526 
1685 	 0.020348 	 0.080527 
1686 	 0.020339 	 0.080531 
1687 	 0.020338 	 0.080532 
1688 	 0.020303 	 0.080551 
1689 	 0.020302 	 0.080552 
1690 	 0.020302 	 0.080552 
1691 	 0.020301 	 0.080553 
1692 	 0.020299 	 0.080554 
1693 	 0.020298 	 0.080556 
1694 	 0.020296 	 0.080557 
1695 	 0.020296 	 0.080558 
1696 	 0.020294 	 0.080560 
1697 	 0.020293 	 0.080561 
1698 	 0.020291 	 0.080563 
1699 	 0.020290 	 0.080564 
1700 	 0.020288 	 0.080566 
1701 	 0.020287 	 0.080567 
1702 	 0.020285 	 0.080569 
1703 	 0.020284 	 0.080570 
1704 	 0.020283 	 0.080571 
1705 	 0.020282 	 0.080572 
1706 	 0.020282 	 0.080573 
1707 	 0.020281 	 0.080573 
1708 	 0.020279 	 0.080575 
1709 	 0.020279 	 0.080576 
1710 	 0.020278 	 0.080576 
1711 	 0.020277 	 0.080578 
1712 	 0.020276 	 0.080578 
1713 	 0.020275 	 0.080579 
1714 	 0.020275 	 0.080580 
1715 	 0.020274 	 0.080580 
1716 	 0.020273 	 0.080582 
1717 	 0.020272 	 0.080582 
1718 	 0.020271 	 0.080583 
1719 	 0.020270 	 0.080585 
1720 	 0.020269 	 0.080585 
1721 	 0.020268 	 0.080586 
1722 	 0.020267 	 0.080588 
1723 	 0.020266 	 0.080589 
1724 	 0.020264 	 0.080591 
1725 	 0.020264 	 0.080591 
1726 	 0.020263 	 0.080592 
1727 	 0.020262 	 0.080593 
1728 	 0.020261 	 0.080594 
1729 	 0.020260 	 0.080595 
1730 	 0.020259 	 0.080596 
1731 	 0.020258 	 0.080597 
1732 	 0.020257 	 0.080598 
1733 	 0.020257 	 0.080599 
1734 	 0.020256 	 0.080599 
1735 	 0.020255 	 0.080601 
1736 	 0.020253 	 0.080602 
1737 	 0.020244 	 0.080607 
1738 	 0.020239 	 0.080516 
1739 	 0.020229 	 0.080420 
1740 	 0.020228 	 0.080421 
1741 	 0.020228 	 0.080422 
1742 	 0.020227 	 0.080423 
1743 	 0.020226 	 0.080423 
1744 	 0.020225 	 0.080424 
1745 	 0.020224 	 0.080426 
1746 	 0.020222 	 0.080428 
1747 	 0.020220 	 0.080429 
1748 	 0.020220 	 0.080430 
1749 	 0.020218 	 0.080432 
1750 	 0.020217 	 0.080433 
1751 	 0.020216 	 0.080433 
1752 	 0.020215 	 0.080435 
1753 	 0.020214 	 0.080436 
1754 	 0.020213 	 0.080437 
1755 	 0.020211 	 0.080439 
1756 	 0.020209 	 0.080440 
1757 	 0.020208 	 0.080442 
1758 	 0.020207 	 0.080443 
1759 	 0.020206 	 0.080443 
1760 	 0.020206 	 0.080444 
1761 	 0.020205 	 0.080445 
1762 	 0.020203 	 0.080446 
1763 	 0.020203 	 0.080447 
1764 	 0.020201 	 0.080449 
1765 	 0.020199 	 0.080450 
1766 	 0.020198 	 0.080452 
1767 	 0.020196 	 0.080453 
1768 	 0.020196 	 0.080454 
1769 	 0.020194 	 0.080455 
1770 	 0.020193 	 0.080456 
1771 	 0.020192 	 0.080457 
1772 	 0.020190 	 0.080459 
1773 	 0.020189 	 0.080460 
1774 	 0.020189 	 0.080461 
1775 	 0.020187 	 0.080462 
1776 	 0.020178 	 0.080467 
1777 	 0.020177 	 0.080468 
1778 	 0.020175 	 0.080470 
1779 	 0.020174 	 0.080471 
1780 	 0.020172 	 0.080473 
1781 	 0.020171 	 0.080474 
1782 	 0.020169 	 0.080476 
1783 	 0.020168 	 0.080477 
1784 	 0.020166 	 0.080479 
1785 	 0.020165 	 0.080480 
1786 	 0.020163 	 0.080482 
1787 	 0.020163 	 0.080483 
1788 	 0.020161 	 0.080484 
1789 	 0.020138 	 0.080487 
1790 	 0.020138 	 0.080488 
1791 	 0.020136 	 0.080490 
1792 	 0.020135 	 0.080491 
1793 	 0.020134 	 0.080492 
1794 	 0.020133 	 0.080493 
1795 	 0.020131 	 0.080495 
1796 	 0.020131 	 0.080495 
1797 	 0.020130 	 0.080496 
1798 	 0.020129 	 0.080498 
1799 	 0.020128 	 0.080498 
1800 	 0.020126 	 0.080500 
1801 	 0.020126 	 0.080501 
1802 	 0.020124 	 0.080502 
1803 	 0.020124 	 0.080503 
1804 	 0.020123 	 0.080504 
1805 	 0.020122 	 0.080504 
1806 	 0.020121 	 0.080506 
1807 	 0.020120 	 0.080508 
1808 	 0.020119 	 0.080508 
1809 	 0.020118 	 0.080509 
1810 	 0.020117 	 0.080511 
1811 	 0.020116 	 0.080512 
1812 	 0.020115 	 0.080513 
1813 	 0.020114 	 0.080513 
1814 	 0.020114 	 0.080514 
1815 	 0.020112 	 0.080516 
1816 	 0.020111 	 0.080517 
1817 	 0.020110 	 0.080518 
1818 	 0.020109 	 0.080519 
1819 	 0.020108 	 0.080521 
1820 	 0.020107 	 0.080522 
1821 	 0.020106 	 0.080523 
1822 	 0.020105 	 0.080524 
1823 	 0.020104 	 0.080526 
1824 	 0.020102 	 0.080527 
1825 	 0.020102 	 0.080528 
1826 	 0.020101 	 0.080529 
1827 	 0.020100 	 0.080530 
1828 	 0.020099 	 0.080531 
1829 	 0.020097 	 0.080532 
1830 	 0.020097 	 0.080533 
1831 	 0.020095 	 0.080535 
1832 	 0.020095 	 0.080535 
1833 	 0.020093 	 0.080537 
1834 	 0.020092 	 0.080538 
1835 	 0.020092 	 0.080539 
1836 	 0.020091 	 0.080540 
1837 	 0.020090 	 0.080540 
1838 	 0.020089 	 0.080542 
1839 	 0.020088 	 0.080544 
1840 	 0.020086 	 0.080545 
1841 	 0.020085 	 0.080547 
1842 	 0.020084 	 0.080548 
1843 	 0.020083 	 0.080549 
1844 	 0.020082 	 0.080551 
1845 	 0.020081 	 0.080551 
1846 	 0.020080 	 0.080553 
1847 	 0.020079 	 0.080554 
1848 	 0.020077 	 0.080556 
1849 	 0.020077 	 0.080557 
1850 	 0.020076 	 0.080557 
1851 	 0.020075 	 0.080559 
1852 	 0.020074 	 0.080560 
1853 	 0.020073 	 0.080561 
1854 	 0.020072 	 0.080562 
1855 	 0.020071 	 0.080563 
1856 	 0.020070 	 0.080564 
1857 	 0.020069 	 0.080565 
1858 	 0.020068 	 0.080567 
1859 	 0.020059 	 0.080571 
1860 	 0.020059 	 0.080572 
1861 	 0.020058 	 0.080573 
1862 	 0.020058 	 0.080573 
1863 	 0.020057 	 0.080574 
1864 	 0.020056 	 0.080575 
1865 	 0.020055 	 0.080576 
1866 	 0.020054 	 0.080577 
1867 	 0.020053 	 0.080579 
1868 	 0.020052 	 0.080579 
1869 	 0.020051 	 0.080580 
1870 	 0.020050 	 0.080582 
1871 	 0.020050 	 0.080582 
1872 	 0.020049 	 0.080583 
1873 	 0.020048 	 0.080584 
1874 	 0.020048 	 0.080584 
1875 	 0.020047 	 0.080586 
1876 	 0.020045 	 0.080588 
1877 	 0.020044 	 0.080589 
1878 	 0.020043 	 0.080591 
1879 	 0.020042 	 0.080592 
1880 	 0.020040 	 0.080594 
1881 	 0.020039 	 0.080595 
1882 	 0.020038 	 0.080597 
1883 	 0.020037 	 0.080598 
1884 	 0.020036 	 0.080599 
1885 	 0.020036 	 0.080599 
1886 	 0.020035 	 0.080601 
1887 	 0.020033 	 0.080603 
1888 	 0.020032 	 0.080604 
1889 	 0.020032 	 0.080605 
1890 	 0.020030 	 0.080606 
1891 	 0.020030 	 0.080607 
1892 	 0.020029 	 0.080608 
1893 	 0.020029 	 0.080608 
1894 	 0.020027 	 0.080610 
1895 	 0.020027 	 0.080611 
1896 	 0.020026 	 0.080612 
1897 	 0.020025 	 0.080613 
1898 	 0.020024 	 0.080614 
1899 	 0.020023 	 0.080615 
1900 	 0.020022 	 0.080616 
1901 	 0.020021 	 0.080618 
1902 	 0.020021 	 0.080619 
1903 	 0.020020 	 0.080619 
1904 	 0.020019 	 0.080621 
1905 	 0.020018 	 0.080622 
1906 	 0.020018 	 0.080622 
1907 	 0.019989 	 0.080640 
1908 	 0.019989 	 0.080641 
1909 	 0.019988 	 0.080641 
1910 	 0.019987 	 0.080642 
1911 	 0.019987 	 0.080643 
1912 	 0.019986 	 0.080644 
1913 	 0.019985 	 0.080646 
1914 	 0.019984 	 0.080647 
1915 	 0.019982 	 0.080649 
1916 	 0.019981 	 0.080650 
1917 	 0.019980 	 0.080651 
1918 	 0.019979 	 0.080653 
1919 	 0.019978 	 0.080654 
1920 	 0.019977 	 0.080655 
1921 	 0.019976 	 0.080656 
1922 	 0.019975 	 0.080658 
1923 	 0.019968 	 0.080662 
1924 	 0.019968 	 0.080663 
1925 	 0.019967 	 0.080664 
1926 	 0.019966 	 0.080665 
1927 	 0.019965 	 0.080666 
1928 	 0.019965 	 0.080667 
1929 	 0.019964 	 0.080668 
1930 	 0.019963 	 0.080669 
1931 	 0.019963 	 0.080669 
1932 	 0.019935 	 0.080571 
1933 	 0.019935 	 0.080572 
1934 	 0.019934 	 0.080572 
1935 	 0.019933 	 0.080573 
1936 	 0.019932 	 0.080575 
1937 	 0.019932 	 0.080575 
1938 	 0.019931 	 0.080577 
1939 	 0.019929 	 0.080578 
1940 	 0.019929 	 0.080579 
1941 	 0.019928 	 0.080580 
1942 	 0.019927 	 0.080582 
1943 	 0.019925 	 0.080583 
1944 	 0.019925 	 0.080584 
1945 	 0.019924 	 0.080585 
1946 	 0.019923 	 0.080586 
1947 	 0.019922 	 0.080588 
1948 	 0.019921 	 0.080589 
1949 	 0.019920 	 0.080591 
1950 	 0.019919 	 0.080592 
1951 	 0.019919 	 0.080592 
1952 	 0.019918 	 0.080593 
1953 	 0.019918 	 0.080594 
1954 	 0.019917 	 0.080594 
1955 	 0.019916 	 0.080596 
1956 	 0.019915 	 0.080597 
1957 	 0.019914 	 0.080598 
1958 	 0.019914 	 0.080599 
1959 	 0.019913 	 0.080600 
1960 	 0.019911 	 0.080602 
1961 	 0.019911 	 0.080603 
1962 	 0.019910 	 0.080604 
1963 	 0.019909 	 0.080605 
1964 	 0.019909 	 0.080605 
1965 	 0.019908 	 0.080606 
1966 	 0.019908 	 0.080607 
1967 	 0.019907 	 0.080608 
1968 	 0.019906 	 0.080609 
1969 	 0.019880 	 0.080626 
1970 	 0.019879 	 0.080628 
1971 	 0.019879 	 0.080629 
1972 	 0.019878 	 0.080630 
1973 	 0.019877 	 0.080632 
1974 	 0.019875 	 0.080633 
1975 	 0.019874 	 0.080635 
1976 	 0.019873 	 0.080636 
1977 	 0.019873 	 0.080637 
1978 	 0.019872 	 0.080638 
1979 	 0.019872 	 0.080638 
1980 	 0.019871 	 0.080640 
1981 	 0.019870 	 0.080641 
1982 	 0.019869 	 0.080643 
1983 	 0.019868 	 0.080643 
1984 	 0.019861 	 0.080647 
1985 	 0.019861 	 0.080648 
1986 	 0.019860 	 0.080650 
1987 	 0.019859 	 0.080650 
1988 	 0.019858 	 0.080652 
1989 	 0.019858 	 0.080653 
1990 	 0.019857 	 0.080654 
1991 	 0.019856 	 0.080656 
1992 	 0.019855 	 0.080657 
1993 	 0.019854 	 0.080658 
1994 	 0.019853 	 0.080659 
1995 	 0.019853 	 0.080660 
1996 	 0.019852 	 0.080661 
1997 	 0.019851 	 0.080662 
1998 	 0.019851 	 0.080663 
1999 	 0.019850 	 0.080664 
2000 	 0.019849 	 0.080666 
2001 	 0.019848 	 0.080666 
2002 	 0.019847 	 0.080668 
2003 	 0.019825 	 0.080684 
2004 	 0.019825 	 0.080685 
2005 	 0.019824 	 0.080685 
2006 	 0.019818 	 0.080689 
2007 	 0.019817 	 0.080690 
2008 	 0.019817 	 0.080691 
2009 	 0.019817 	 0.080691 
2010 	 0.019816 	 0.080693 
2011 	 0.019815 	 0.080693 
2012 	 0.019814 	 0.080695 
2013 	 0.019813 	 0.080696 
2014 	 0.019812 	 0.080697 
2015 	 0.019812 	 0.080698 
2016 	 0.019811 	 0.080699 
2017 	 0.019810 	 0.080701 
2018 	 0.019809 	 0.080702 
2019 	 0.019808 	 0.080703 
2020 	 0.019807 	 0.080704 
2021 	 0.019807 	 0.080706 
2022 	 0.019801 	 0.080710 
2023 	 0.019800 	 0.080711 
2024 	 0.019799 	 0.080713 
2025 	 0.019798 	 0.080713 
2026 	 0.019797 	 0.080715 
2027 	 0.019797 	 0.080715 
2028 	 0.019796 	 0.080717 
2029 	 0.019795 	 0.080718 
2030 	 0.019789 	 0.080722 
2031 	 0.019789 	 0.080723 
2032 	 0.019788 	 0.080724 
2033 	 0.019787 	 0.080726 
2034 	 0.019786 	 0.080728 
2035 	 0.019785 	 0.080729 
2036 	 0.019784 	 0.080730 
2037 	 0.019784 	 0.080731 
2038 	 0.019783 	 0.080732 
2039 	 0.019782 	 0.080733 
2040 	 0.019782 	 0.080734 
2041 	 0.019781 	 0.080735 
2042 	 0.019780 	 0.080736 
2043 	 0.019779 	 0.080738 
2044 	 0.019779 	 0.080738 
2045 	 0.019778 	 0.080739 
2046 	 0.019778 	 0.080741 
2047 	 0.019777 	 0.080741 
2048 	 0.019777 	 0.080742 
2049 	 0.019776 	 0.080743 
2050 	 0.019775 	 0.080745 
2051 	 0.019774 	 0.080746 
2052 	 0.019774 	 0.080747 
2053 	 0.019773 	 0.080748 
2054 	 0.019772 	 0.080749 
2055 	 0.019772 	 0.080750 
2056 	 0.019771 	 0.080750 
2057 	 0.019771 	 0.080752 
2058 	 0.019770 	 0.080752 
2059 	 0.019752 	 0.080767 
2060 	 0.019751 	 0.080768 
2061 	 0.019751 	 0.080769 
2062 	 0.019750 	 0.080770 
2063 	 0.019749 	 0.080772 
2064 	 0.019749 	 0.080772 
2065 	 0.019748 	 0.080773 
2066 	 0.019747 	 0.080774 
2067 	 0.019747 	 0.080775 
2068 	 0.019746 	 0.080776 
2069 	 0.019745 	 0.080778 
2070 	 0.019745 	 0.080778 
2071 	 0.019744 	 0.080780 
2072 	 0.019743 	 0.080781 
2073 	 0.019743 	 0.080782 
2074 	 0.019742 	 0.080782 
2075 	 0.019741 	 0.080784 
2076 	 0.019741 	 0.080784 
2077 	 0.019740 	 0.080786 
2078 	 0.019739 	 0.080787 
2079 	 0.019738 	 0.080789 
2080 	 0.019738 	 0.080790 
2081 	 0.019737 	 0.080792 
2082 	 0.019736 	 0.080793 
2083 	 0.019736 	 0.080794 
2084 	 0.019735 	 0.080794 
2085 	 0.019735 	 0.080795 
2086 	 0.019734 	 0.080796 
2087 	 0.019734 	 0.080797 
2088 	 0.019733 	 0.080799 
2089 	 0.019732 	 0.080800 
2090 	 0.019731 	 0.080801 
2091 	 0.019731 	 0.080802 
2092 	 0.019730 	 0.080802 
2093 	 0.019729 	 0.080804 
2094 	 0.019729 	 0.080804 
2095 	 0.019728 	 0.080806 
2096 	 0.019728 	 0.080807 
2097 	 0.019727 	 0.080807 
2098 	 0.019727 	 0.080808 
2099 	 0.019726 	 0.080810 
2100 	 0.019725 	 0.080811 
2101 	 0.019725 	 0.080812 
2102 	 0.019724 	 0.080812 
2103 	 0.019723 	 0.080814 
2104 	 0.019707 	 0.080828 
2105 	 0.019702 	 0.080832 
2106 	 0.019702 	 0.080833 
2107 	 0.019701 	 0.080834 
2108 	 0.019700 	 0.080835 
2109 	 0.019685 	 0.080849 
2110 	 0.019685 	 0.080850 
2111 	 0.019684 	 0.080852 
2112 	 0.019683 	 0.080853 
2113 	 0.019682 	 0.080854 
2114 	 0.019682 	 0.080855 
2115 	 0.019681 	 0.080857 
2116 	 0.019680 	 0.080858 
2117 	 0.019680 	 0.080859 
2118 	 0.019679 	 0.080860 
2119 	 0.019679 	 0.080861 
2120 	 0.019678 	 0.080862 
2121 	 0.019677 	 0.080863 
2122 	 0.019677 	 0.080863 
2123 	 0.019677 	 0.080864 
2124 	 0.019676 	 0.080865 
2125 	 0.019675 	 0.080867 
2126 	 0.019675 	 0.080868 
2127 	 0.019661 	 0.080881 
2128 	 0.019660 	 0.080882 
2129 	 0.019660 	 0.080884 
2130 	 0.019659 	 0.080885 
2131 	 0.019658 	 0.080886 
2132 	 0.019658 	 0.080888 
2133 	 0.019657 	 0.080888 
2134 	 0.019657 	 0.080889 
2135 	 0.019656 	 0.080890 
2136 	 0.019656 	 0.080891 
2137 	 0.019655 	 0.080892 
2138 	 0.019654 	 0.080894 
2139 	 0.019654 	 0.080895 
2140 	 0.019653 	 0.080896 
2141 	 0.019653 	 0.080897 
2142 	 0.019652 	 0.080898 
2143 	 0.019652 	 0.080899 
2144 	 0.019651 	 0.080900 
2145 	 0.019651 	 0.080901 
2146 	 0.019650 	 0.080902 
2147 	 0.019649 	 0.080903 
2148 	 0.019649 	 0.080904 
2149 	 0.019648 	 0.080906 
2150 	 0.019647 	 0.080907 
2151 	 0.019647 	 0.080908 
2152 	 0.019646 	 0.080909 
2153 	 0.019646 	 0.080910 
2154 	 0.019645 	 0.080911 
2155 	 0.019644 	 0.080912 
2156 	 0.019644 	 0.080913 
2157 	 0.019644 	 0.080914 
2158 	 0.019643 	 0.080914 
2159 	 0.019643 	 0.080916 
2160 	 0.019642 	 0.080916 
2161 	 0.019642 	 0.080917 
2162 	 0.019642 	 0.080917 
2163 	 0.019641 	 0.080918 
2164 	 0.019641 	 0.080919 
2165 	 0.019640 	 0.080921 
2166 	 0.019639 	 0.080922 
2167 	 0.019639 	 0.080924 
2168 	 0.019638 	 0.080925 
2169 	 0.019638 	 0.080925 
2170 	 0.019637 	 0.080926 
2171 	 0.019637 	 0.080926 
2172 	 0.019636 	 0.080928 
2173 	 0.019636 	 0.080929 
2174 	 0.019635 	 0.080930 
2175 	 0.019635 	 0.080931 
2176 	 0.019634 	 0.080932 
2177 	 0.019633 	 0.080933 
2178 	 0.019633 	 0.080934 
2179 	 0.019632 	 0.080935 
2180 	 0.019632 	 0.080936 
2181 	 0.019631 	 0.080937 
2182 	 0.019631 	 0.080938 
2183 	 0.019630 	 0.080940 
2184 	 0.019630 	 0.080940 
2185 	 0.019629 	 0.080942 
2186 	 0.019628 	 0.080943 
2187 	 0.019628 	 0.080944 
2188 	 0.019627 	 0.080946 
2189 	 0.019615 	 0.080958 
2190 	 0.019611 	 0.080962 
2191 	 0.019611 	 0.080962 
2192 	 0.019610 	 0.080964 
2193 	 0.019610 	 0.080964 
2194 	 0.019610 	 0.080965 
2195 	 0.019609 	 0.080967 
2196 	 0.019609 	 0.080967 
2197 	 0.019608 	 0.080968 
2198 	 0.019607 	 0.080970 
2199 	 0.019607 	 0.080970 
2200 	 0.019606 	 0.080971 
2201 	 0.019606 	 0.080973 
2202 	 0.019605 	 0.080974 
2203 	 0.019605 	 0.080975 
2204 	 0.019604 	 0.080976 
2205 	 0.019604 	 0.080977 
2206 	 0.019603 	 0.080977 
2207 	 0.019603 	 0.080979 
2208 	 0.019603 	 0.080979 
2209 	 0.019602 	 0.080980 
2210 	 0.019601 	 0.080982 
2211 	 0.019601 	 0.080983 
2212 	 0.019600 	 0.080984 
2213 	 0.019600 	 0.080985 
2214 	 0.019599 	 0.080986 
2215 	 0.019599 	 0.080987 
2216 	 0.019598 	 0.080988 
2217 	 0.019598 	 0.080988 
2218 	 0.019598 	 0.080989 
2219 	 0.019597 	 0.080990 
2220 	 0.019597 	 0.080990 
2221 	 0.019596 	 0.080991 
2222 	 0.019596 	 0.080992 
2223 	 0.019596 	 0.080993 
2224 	 0.019595 	 0.080994 
2225 	 0.019594 	 0.080995 
2226 	 0.019594 	 0.080996 
2227 	 0.019594 	 0.080997 
2228 	 0.019593 	 0.080997 
2229 	 0.019593 	 0.080998 
2230 	 0.019593 	 0.080999 
2231 	 0.019592 	 0.081000 
2232 	 0.019592 	 0.081001 
2233 	 0.019591 	 0.081002 
2234 	 0.019591 	 0.081003 
2235 	 0.019590 	 0.081004 
2236 	 0.019590 	 0.081005 
2237 	 0.019590 	 0.081005 
2238 	 0.019589 	 0.081006 
2239 	 0.019589 	 0.081006 
2240 	 0.019589 	 0.081007 
2241 	 0.019589 	 0.081007 
2242 	 0.019588 	 0.081008 
2243 	 0.019587 	 0.081010 
2244 	 0.019587 	 0.081010 
2245 	 0.019587 	 0.081011 
2246 	 0.019586 	 0.081012 
2247 	 0.019586 	 0.081013 
2248 	 0.019586 	 0.081014 
2249 	 0.019585 	 0.081015 
2250 	 0.019538 	 0.080921 
2251 	 0.019538 	 0.080921 
2252 	 0.019537 	 0.080922 
2253 	 0.019537 	 0.080923 
2254 	 0.019536 	 0.080924 
2255 	 0.019536 	 0.080926 
2256 	 0.019535 	 0.080927 
2257 	 0.019535 	 0.080928 
2258 	 0.019531 	 0.080932 
2259 	 0.019530 	 0.080933 
2260 	 0.019530 	 0.080933 
2261 	 0.019529 	 0.080935 
2262 	 0.019529 	 0.080935 
2263 	 0.019528 	 0.080936 
2264 	 0.019528 	 0.080938 
2265 	 0.019527 	 0.080939 
2266 	 0.019527 	 0.080940 
2267 	 0.019526 	 0.080941 
2268 	 0.019526 	 0.080941 
2269 	 0.019525 	 0.080943 
2270 	 0.019525 	 0.080943 
2271 	 0.019524 	 0.080945 
2272 	 0.019524 	 0.080946 
2273 	 0.019523 	 0.080947 
2274 	 0.019523 	 0.080948 
2275 	 0.019522 	 0.080949 
2276 	 0.019518 	 0.080953 
2277 	 0.019518 	 0.080954 
2278 	 0.019517 	 0.080955 
2279 	 0.019517 	 0.080955 
2280 	 0.019516 	 0.080956 
2281 	 0.019457 	 0.080856 
2282 	 0.019457 	 0.080856 
2283 	 0.019457 	 0.080858 
2284 	 0.019456 	 0.080859 
2285 	 0.019455 	 0.080860 
2286 	 0.019455 	 0.080862 
2287 	 0.019454 	 0.080863 
2288 	 0.019454 	 0.080864 
2289 	 0.019453 	 0.080865 
2290 	 0.019452 	 0.080867 
2291 	 0.019452 	 0.080868 
2292 	 0.019451 	 0.080869 
2293 	 0.019450 	 0.080871 
2294 	 0.019450 	 0.080871 
2295 	 0.019450 	 0.080873 
2296 	 0.019449 	 0.080874 
2297 	 0.019449 	 0.080875 
2298 	 0.019448 	 0.080876 
2299 	 0.019448 	 0.080877 
2300 	 0.019448 	 0.080877 
2301 	 0.019447 	 0.080879 
2302 	 0.019447 	 0.080879 
2303 	 0.019446 	 0.080880 
2304 	 0.019446 	 0.080881 
2305 	 0.019445 	 0.080882 
2306 	 0.019427 	 0.080886 
2307 	 0.019427 	 0.080886 
2308 	 0.019427 	 0.080888 
2309 	 0.019426 	 0.080889 
2310 	 0.019425 	 0.080890 
2311 	 0.019425 	 0.080891 
2312 	 0.019425 	 0.080892 
2313 	 0.019424 	 0.080893 
2314 	 0.019424 	 0.080894 
2315 	 0.019423 	 0.080895 
2316 	 0.019423 	 0.080897 
2317 	 0.019422 	 0.080898 
2318 	 0.019422 	 0.080899 
2319 	 0.019421 	 0.080900 
2320 	 0.019421 	 0.080902 
2321 	 0.019420 	 0.080903 
2322 	 0.019419 	 0.080904 
2323 	 0.019416 	 0.080908 
2324 	 0.019415 	 0.080909 
2325 	 0.019415 	 0.080910 
2326 	 0.019414 	 0.080910 
2327 	 0.019414 	 0.080911 
2328 	 0.019414 	 0.080912 
2329 	 0.019413 	 0.080913 
2330 	 0.019413 	 0.080915 
2331 	 0.019412 	 0.080916 
2332 	 0.019411 	 0.080917 
2333 	 0.019411 	 0.080918 
2334 	 0.019411 	 0.080919 
2335 	 0.019410 	 0.080919 
2336 	 0.019410 	 0.080920 
2337 	 0.019410 	 0.080921 
2338 	 0.019410 	 0.080921 
2339 	 0.019409 	 0.080922 
2340 	 0.019409 	 0.080923 
2341 	 0.019409 	 0.080924 
2342 	 0.019408 	 0.080925 
2343 	 0.019408 	 0.080926 
2344 	 0.019407 	 0.080926 
2345 	 0.019407 	 0.080927 
2346 	 0.019407 	 0.080928 
2347 	 0.019406 	 0.080929 
2348 	 0.019406 	 0.080930 
2349 	 0.019406 	 0.080931 
2350 	 0.019405 	 0.080932 
2351 	 0.019405 	 0.080933 
2352 	 0.019404 	 0.080935 
2353 	 0.019404 	 0.080936 
2354 	 0.019403 	 0.080937 
2355 	 0.019403 	 0.080938 
2356 	 0.019327 	 0.080831 
2357 	 0.019327 	 0.080832 
2358 	 0.019326 	 0.080834 
2359 	 0.019326 	 0.080835 
2360 	 0.019325 	 0.080836 
2361 	 0.019325 	 0.080837 
2362 	 0.019324 	 0.080838 
2363 	 0.019324 	 0.080839 
2364 	 0.019324 	 0.080840 
2365 	 0.019323 	 0.080841 
2366 	 0.019323 	 0.080842 
2367 	 0.019322 	 0.080842 
2368 	 0.019322 	 0.080843 
2369 	 0.019322 	 0.080844 
2370 	 0.019321 	 0.080845 
2371 	 0.019321 	 0.080845 
2372 	 0.019320 	 0.080846 
2373 	 0.019320 	 0.080848 
2374 	 0.019320 	 0.080848 
2375 	 0.019319 	 0.080850 
2376 	 0.019318 	 0.080851 
2377 	 0.019318 	 0.080852 
2378 	 0.019317 	 0.080854 
2379 	 0.019317 	 0.080854 
2380 	 0.019317 	 0.080855 
2381 	 0.019316 	 0.080856 
2382 	 0.019316 	 0.080857 
2383 	 0.019316 	 0.080858 
2384 	 0.019315 	 0.080859 
2385 	 0.019315 	 0.080860 
2386 	 0.019314 	 0.080861 
2387 	 0.019314 	 0.080861 
2388 	 0.019314 	 0.080862 
2389 	 0.019313 	 0.080864 
2390 	 0.019313 	 0.080865 
2391 	 0.019312 	 0.080866 
2392 	 0.019311 	 0.080867 
2393 	 0.019311 	 0.080869 
2394 	 0.019295 	 0.080872 
2395 	 0.019295 	 0.080873 
2396 	 0.019295 	 0.080873 
2397 	 0.019295 	 0.080874 
2398 	 0.019294 	 0.080875 
2399 	 0.019294 	 0.080876 
2400 	 0.019293 	 0.080877 
2401 	 0.019293 	 0.080878 
2402 	 0.019292 	 0.080879 
2403 	 0.019292 	 0.080880 
2404 	 0.019292 	 0.080881 
2405 	 0.019291 	 0.080882 
2406 	 0.019291 	 0.080883 
2407 	 0.019290 	 0.080884 
2408 	 0.019290 	 0.080885 
2409 	 0.019290 	 0.080885 
2410 	 0.019289 	 0.080886 
2411 	 0.019289 	 0.080888 
2412 	 0.019289 	 0.080888 
2413 	 0.019288 	 0.080890 
2414 	 0.019288 	 0.080891 
2415 	 0.019287 	 0.080891 
2416 	 0.019287 	 0.080892 
2417 	 0.019287 	 0.080893 
2418 	 0.019286 	 0.080894 
2419 	 0.019286 	 0.080895 
2420 	 0.019285 	 0.080897 
2421 	 0.019285 	 0.080898 
2422 	 0.019285 	 0.080899 
2423 	 0.019284 	 0.080901 
2424 	 0.019284 	 0.080901 
2425 	 0.019284 	 0.080902 
2426 	 0.019283 	 0.080902 
2427 	 0.019283 	 0.080904 
2428 	 0.019282 	 0.080905 
2429 	 0.019282 	 0.080906 
2430 	 0.019282 	 0.080907 
2431 	 0.019281 	 0.080908 
2432 	 0.019281 	 0.080909 
2433 	 0.019280 	 0.080911 
2434 	 0.019280 	 0.080912 
2435 	 0.019279 	 0.080913 
2436 	 0.019279 	 0.080914 
2437 	 0.019279 	 0.080915 
2438 	 0.019278 	 0.080915 
2439 	 0.019278 	 0.080917 
2440 	 0.019277 	 0.080918 
2441 	 0.019264 	 0.080921 
2442 	 0.019264 	 0.080923 
2443 	 0.019263 	 0.080924 
2444 	 0.019263 	 0.080925 
2445 	 0.019262 	 0.080926 
2446 	 0.019262 	 0.080927 
2447 	 0.019261 	 0.080929 
2448 	 0.019261 	 0.080930 
2449 	 0.019261 	 0.080931 
2450 	 0.019260 	 0.080932 
2451 	 0.019260 	 0.080933 
2452 	 0.019260 	 0.080933 
2453 	 0.019259 	 0.080935 
2454 	 0.019256 	 0.080938 
2455 	 0.019255 	 0.080939 
2456 	 0.019255 	 0.080940 
2457 	 0.019255 	 0.080941 
2458 	 0.019254 	 0.080942 
2459 	 0.019254 	 0.080943 
2460 	 0.019254 	 0.080944 
2461 	 0.019253 	 0.080945 
2462 	 0.019253 	 0.080946 
2463 	 0.019253 	 0.080946 
2464 	 0.019252 	 0.080947 
2465 	 0.019252 	 0.080948 
2466 	 0.019252 	 0.080949 
2467 	 0.019251 	 0.080950 
2468 	 0.019251 	 0.080950 
2469 	 0.019251 	 0.080951 
2470 	 0.019251 	 0.080951 
2471 	 0.019250 	 0.080952 
2472 	 0.019250 	 0.080954 
2473 	 0.019250 	 0.080955 
2474 	 0.019249 	 0.080956 
2475 	 0.019249 	 0.080956 
2476 	 0.019249 	 0.080957 
2477 	 0.019248 	 0.080959 
2478 	 0.019248 	 0.080960 
2479 	 0.019247 	 0.080961 
2480 	 0.019247 	 0.080962 
2481 	 0.019246 	 0.080964 
2482 	 0.019246 	 0.080965 
2483 	 0.019246 	 0.080966 
2484 	 0.019245 	 0.080967 
2485 	 0.019245 	 0.080968 
2486 	 0.019244 	 0.080970 
2487 	 0.019244 	 0.080970 
2488 	 0.019244 	 0.080971 
2489 	 0.019244 	 0.080971 
2490 	 0.019243 	 0.080973 
2491 	 0.019243 	 0.080974 
2492 	 0.019243 	 0.080975 
2493 	 0.019242 	 0.080976 
2494 	 0.019242 	 0.080977 
2495 	 0.019242 	 0.080978 
2496 	 0.019241 	 0.080979 
2497 	 0.019241 	 0.080979 
2498 	 0.019241 	 0.080981 
2499 	 0.019241 	 0.080981 
2500 	 0.019240 	 0.080982 
2501 	 0.019240 	 0.080984 
2502 	 0.019239 	 0.080984 
2503 	 0.019239 	 0.080985 
2504 	 0.019239 	 0.080987 
2505 	 0.019238 	 0.080988 
2506 	 0.019235 	 0.080991 
2507 	 0.019235 	 0.080992 
2508 	 0.019225 	 0.081004 
2509 	 0.019224 	 0.081005 
2510 	 0.019224 	 0.081006 
2511 	 0.019224 	 0.081006 
2512 	 0.019224 	 0.081007 
2513 	 0.019223 	 0.081008 
2514 	 0.019223 	 0.081009 
2515 	 0.019223 	 0.081009 
2516 	 0.019211 	 0.081013 
2517 	 0.019211 	 0.081014 
2518 	 0.019211 	 0.081015 
2519 	 0.019211 	 0.081015 
2520 	 0.019210 	 0.081016 
2521 	 0.019207 	 0.081020 
2522 	 0.019207 	 0.081020 
2523 	 0.019207 	 0.081021 
2524 	 0.019204 	 0.081025 
2525 	 0.019201 	 0.081028 
2526 	 0.019200 	 0.081029 
2527 	 0.019200 	 0.081030 
2528 	 0.019200 	 0.081031 
2529 	 0.019200 	 0.081031 
2530 	 0.019200 	 0.081032 
2531 	 0.019199 	 0.081033 
2532 	 0.019199 	 0.081034 
2533 	 0.019188 	 0.081038 
2534 	 0.019188 	 0.081038 
2535 	 0.019188 	 0.081039 
2536 	 0.019188 	 0.081040 
2537 	 0.019188 	 0.081040 
2538 	 0.019187 	 0.081041 
2539 	 0.019187 	 0.081042 
2540 	 0.019187 	 0.081043 
2541 	 0.019186 	 0.081044 
2542 	 0.019186 	 0.081046 
2543 	 0.019186 	 0.081046 
2544 	 0.019186 	 0.081047 
2545 	 0.019185 	 0.081048 
2546 	 0.019185 	 0.081049 
2547 	 0.019185 	 0.081050 
2548 	 0.019185 	 0.081051 
2549 	 0.019184 	 0.081051 
2550 	 0.019184 	 0.081052 
2551 	 0.019184 	 0.081054 
2552 	 0.019183 	 0.081054 
2553 	 0.019183 	 0.081055 
2554 	 0.019183 	 0.081057 
2555 	 0.019182 	 0.081058 
2556 	 0.019182 	 0.081058 
2557 	 0.019182 	 0.081059 
2558 	 0.019182 	 0.081059 
2559 	 0.019179 	 0.081063 
2560 	 0.019179 	 0.081064 
2561 	 0.019179 	 0.081065 
2562 	 0.019178 	 0.081066 
2563 	 0.019178 	 0.081067 
2564 	 0.019178 	 0.081068 
2565 	 0.019177 	 0.081069 
2566 	 0.019177 	 0.081070 
2567 	 0.019177 	 0.081071 
2568 	 0.019176 	 0.081072 
2569 	 0.019176 	 0.081073 
2570 	 0.019176 	 0.081074 
2571 	 0.019176 	 0.081075 
2572 	 0.019175 	 0.081076 
2573 	 0.019175 	 0.081077 
2574 	 0.019175 	 0.081078 
2575 	 0.019175 	 0.081078 
2576 	 0.019174 	 0.081080 
2577 	 0.019174 	 0.081080 
2578 	 0.019174 	 0.081081 
2579 	 0.019174 	 0.081081 
2580 	 0.019174 	 0.081082 
2581 	 0.019173 	 0.081083 
2582 	 0.019173 	 0.081084 
2583 	 0.019173 	 0.081084 
2584 	 0.019173 	 0.081085 
2585 	 0.019172 	 0.081086 
2586 	 0.019172 	 0.081087 
2587 	 0.019172 	 0.081088 
2588 	 0.019171 	 0.081089 
2589 	 0.019171 	 0.081090 
2590 	 0.019171 	 0.081091 
2591 	 0.019171 	 0.081092 
2592 	 0.019170 	 0.081093 
2593 	 0.019170 	 0.081094 
2594 	 0.019170 	 0.081095 
2595 	 0.019169 	 0.081096 
2596 	 0.019169 	 0.081097 
2597 	 0.019169 	 0.081098 
2598 	 0.019169 	 0.081099 
2599 	 0.019168 	 0.081100 
2600 	 0.019168 	 0.081101 
2601 	 0.019168 	 0.081102 
2602 	 0.019168 	 0.081103 
2603 	 0.019165 	 0.081106 
2604 	 0.019165 	 0.081106 
2605 	 0.019165 	 0.081107 
2606 	 0.019164 	 0.081109 
2607 	 0.019162 	 0.081112 
2608 	 0.019161 	 0.081112 
2609 	 0.019152 	 0.081116 
2610 	 0.019152 	 0.081117 
2611 	 0.019152 	 0.081117 
2612 	 0.019152 	 0.081118 
2613 	 0.019152 	 0.081119 
2614 	 0.019151 	 0.081119 
2615 	 0.019151 	 0.081120 
2616 	 0.019151 	 0.081121 
2617 	 0.019151 	 0.081121 
2618 	 0.019148 	 0.081124 
2619 	 0.019148 	 0.081125 
2620 	 0.019148 	 0.081126 
2621 	 0.019148 	 0.081126 
2622 	 0.019148 	 0.081127 
2623 	 0.019147 	 0.081128 
2624 	 0.019147 	 0.081128 
2625 	 0.019147 	 0.081129 
2626 	 0.019147 	 0.081129 
2627 	 0.019147 	 0.081130 
2628 	 0.019147 	 0.081131 
2629 	 0.019146 	 0.081132 
2630 	 0.019146 	 0.081132 
2631 	 0.019146 	 0.081133 
2632 	 0.019146 	 0.081134 
2633 	 0.019145 	 0.081134 
2634 	 0.019145 	 0.081136 
2635 	 0.019145 	 0.081137 
2636 	 0.019145 	 0.081138 
2637 	 0.019144 	 0.081139 
2638 	 0.019047 	 0.081030 
2639 	 0.019047 	 0.081031 
2640 	 0.019047 	 0.081031 
2641 	 0.019047 	 0.081032 
2642 	 0.019047 	 0.081033 
2643 	 0.019044 	 0.081036 
2644 	 0.019044 	 0.081038 
2645 	 0.019044 	 0.081038 
2646 	 0.019043 	 0.081039 
2647 	 0.019043 	 0.081040 
2648 	 0.019043 	 0.081041 
2649 	 0.019043 	 0.081042 
2650 	 0.019042 	 0.081043 
2651 	 0.019042 	 0.081043 
2652 	 0.019042 	 0.081044 
2653 	 0.019042 	 0.081046 
2654 	 0.019042 	 0.081046 
2655 	 0.019041 	 0.081047 
2656 	 0.019041 	 0.081049 
2657 	 0.019041 	 0.081050 
2658 	 0.019040 	 0.081051 
2659 	 0.019040 	 0.081052 
2660 	 0.018918 	 0.080933 
2661 	 0.018909 	 0.080946 
2662 	 0.018908 	 0.080947 
2663 	 0.018908 	 0.080948 
2664 	 0.018908 	 0.080949 
2665 	 0.018905 	 0.080952 
2666 	 0.018905 	 0.080952 
2667 	 0.018905 	 0.080954 
2668 	 0.018905 	 0.080955 
2669 	 0.018904 	 0.080956 
2670 	 0.018904 	 0.080956 
2671 	 0.018746 	 0.080825 
2672 	 0.018746 	 0.080826 
2673 	 0.018746 	 0.080827 
2674 	 0.018746 	 0.080829 
2675 	 0.018745 	 0.080830 
2676 	 0.018745 	 0.080831 
2677 	 0.018745 	 0.080832 
2678 	 0.018745 	 0.080834 
2679 	 0.018744 	 0.080835 
2680 	 0.018735 	 0.080838 
2681 	 0.018735 	 0.080839 
2682 	 0.018735 	 0.080839 
2683 	 0.018734 	 0.080840 
2684 	 0.018734 	 0.080842 
2685 	 0.018734 	 0.080843 
2686 	 0.018734 	 0.080843 
2687 	 0.018734 	 0.080845 
2688 	 0.018733 	 0.080845 
2689 	 0.018733 	 0.080846 
2690 	 0.018733 	 0.080847 
2691 	 0.018733 	 0.080848 
2692 	 0.018733 	 0.080848 
2693 	 0.018732 	 0.080850 
2694 	 0.018732 	 0.080850 
2695 	 0.018732 	 0.080851 
2696 	 0.018732 	 0.080852 
2697 	 0.018732 	 0.080853 
2698 	 0.018731 	 0.080855 
2699 	 0.018731 	 0.080856 
2700 	 0.018731 	 0.080857 
2701 	 0.018731 	 0.080858 
2702 	 0.018730 	 0.080859 
2703 	 0.018730 	 0.080860 
2704 	 0.018730 	 0.080861 
2705 	 0.018730 	 0.080862 
2706 	 0.018729 	 0.080863 
2707 	 0.018729 	 0.080864 
2708 	 0.018729 	 0.080866 
2709 	 0.018729 	 0.080866 
2710 	 0.018729 	 0.080867 
2711 	 0.018728 	 0.080868 
2712 	 0.018728 	 0.080868 
2713 	 0.018728 	 0.080869 
2714 	 0.018728 	 0.080871 
2715 	 0.018727 	 0.080872 
2716 	 0.018727 	 0.080873 
2717 	 0.018727 	 0.080875 
2718 	 0.018727 	 0.080875 
2719 	 0.018727 	 0.080876 
2720 	 0.018726 	 0.080877 
2721 	 0.018726 	 0.080877 
2722 	 0.018726 	 0.080879 
2723 	 0.018726 	 0.080879 
2724 	 0.018726 	 0.080880 
2725 	 0.018725 	 0.080881 
2726 	 0.018725 	 0.080882 
2727 	 0.018518 	 0.080735 
2728 	 0.018518 	 0.080736 
2729 	 0.018518 	 0.080738 
2730 	 0.018518 	 0.080738 
2731 	 0.018517 	 0.080740 
2732 	 0.018517 	 0.080740 
2733 	 0.018517 	 0.080742 
2734 	 0.018517 	 0.080743 
2735 	 0.018517 	 0.080744 
2736 	 0.018516 	 0.080745 
2737 	 0.018516 	 0.080746 
2738 	 0.018516 	 0.080748 
2739 	 0.018516 	 0.080748 
2740 	 0.018516 	 0.080749 
2741 	 0.018515 	 0.080750 
2742 	 0.018515 	 0.080751 
2743 	 0.018515 	 0.080751 
2744 	 0.018515 	 0.080753 
2745 	 0.018515 	 0.080754 
2746 	 0.018515 	 0.080755 
2747 	 0.018514 	 0.080756 
2748 	 0.018234 	 0.080587 
2749 	 0.018234 	 0.080587 
2750 	 0.018234 	 0.080588 
2751 	 0.018234 	 0.080589 
2752 	 0.018231 	 0.080593 
2753 	 0.018221 	 0.080607 
2754 	 0.018221 	 0.080608 
2755 	 0.018221 	 0.080609 
2756 	 0.018221 	 0.080611 
2757 	 0.018221 	 0.080611 
2758 	 0.018220 	 0.080612 
2759 	 0.018220 	 0.080613 
2760 	 0.018220 	 0.080614 
2761 	 0.018220 	 0.080615 
2762 	 0.018220 	 0.080617 
2763 	 0.018217 	 0.080620 
2764 	 0.018217 	 0.080621 
2765 	 0.018217 	 0.080622 
2766 	 0.018217 	 0.080623 
2767 	 0.018214 	 0.080626 
2768 	 0.018214 	 0.080628 
2769 	 0.018211 	 0.080631 
2770 	 0.018211 	 0.080632 
2771 	 0.018211 	 0.080633 
2772 	 0.018210 	 0.080634 
2773 	 0.018210 	 0.080635 
2774 	 0.018210 	 0.080637 
2775 	 0.018210 	 0.080637 
2776 	 0.018210 	 0.080638 
2777 	 0.018210 	 0.080639 
2778 	 0.018210 	 0.080641 
2779 	 0.018210 	 0.080642 
2780 	 0.018210 	 0.080643 
2781 	 0.018209 	 0.080644 
2782 	 0.018209 	 0.080645 
2783 	 0.018209 	 0.080647 
2784 	 0.018209 	 0.080647 
2785 	 0.018209 	 0.080648 
2786 	 0.018209 	 0.080649 
2787 	 0.018209 	 0.080650 
2788 	 0.018208 	 0.080651 
2789 	 0.018208 	 0.080652 
2790 	 0.018208 	 0.080653 
2791 	 0.018208 	 0.080654 
2792 	 0.018208 	 0.080655 
2793 	 0.018208 	 0.080656 
2794 	 0.018207 	 0.080658 
2795 	 0.018207 	 0.080659 
2796 	 0.018207 	 0.080661 
2797 	 0.018207 	 0.080662 
2798 	 0.018207 	 0.080663 
2799 	 0.018207 	 0.080664 
2800 	 0.018207 	 0.080664 
2801 	 0.018207 	 0.080666 
2802 	 0.018206 	 0.080667 
2803 	 0.018206 	 0.080668 
2804 	 0.018206 	 0.080669 
2805 	 0.017814 	 0.080472 
2806 	 0.017814 	 0.080473 
2807 	 0.017814 	 0.080474 
2808 	 0.017814 	 0.080474 
2809 	 0.017814 	 0.080476 
2810 	 0.017814 	 0.080476 
2811 	 0.017814 	 0.080478 
2812 	 0.017814 	 0.080479 
2813 	 0.017814 	 0.080480 
2814 	 0.017813 	 0.080481 
2815 	 0.017813 	 0.080483 
2816 	 0.017813 	 0.080484 
2817 	 0.017813 	 0.080486 
2818 	 0.017813 	 0.080487 
2819 	 0.017813 	 0.080489 
2820 	 0.017812 	 0.080490 
2821 	 0.017812 	 0.080492 
2822 	 0.017812 	 0.080493 
2823 	 0.017812 	 0.080494 
2824 	 0.017812 	 0.080495 
2825 	 0.017812 	 0.080496 
2826 	 0.017812 	 0.080497 
2827 	 0.017803 	 0.080511 
2828 	 0.017803 	 0.080512 
2829 	 0.017228 	 0.080273 
2830 	 0.017228 	 0.080275 
2831 	 0.017228 	 0.080277 
2832 	 0.017228 	 0.080278 
2833 	 0.017228 	 0.080279 
2834 	 0.017228 	 0.080280 
2835 	 0.017228 	 0.080281 
2836 	 0.017228 	 0.080281 
2837 	 0.017228 	 0.080282 
2838 	 0.017228 	 0.080283 
2839 	 0.017219 	 0.080297 
2840 	 0.017219 	 0.080298 
2841 	 0.017219 	 0.080300 
2842 	 0.017219 	 0.080301 
2843 	 0.017219 	 0.080302 
2844 	 0.017219 	 0.080304 
2845 	 0.017211 	 0.080318 
2846 	 0.017211 	 0.080319 
2847 	 0.017211 	 0.080320 
2848 	 0.017211 	 0.080321 
2849 	 0.017211 	 0.080323 
2850 	 0.017211 	 0.080324 
2851 	 0.017211 	 0.080326 
2852 	 0.017211 	 0.080327 
2853 	 0.017211 	 0.080329 
2854 	 0.017211 	 0.080330 
2855 	 0.017211 	 0.080331 
2856 	 0.017211 	 0.080332 
2857 	 0.017211 	 0.080333 
2858 	 0.017211 	 0.080335 
2859 	 0.017211 	 0.080336 
2860 	 0.017208 	 0.080340 
2861 	 0.017208 	 0.080340 
2862 	 0.017208 	 0.080342 
2863 	 0.017208 	 0.080344 
2864 	 0.017208 	 0.080345 
2865 	 0.017208 	 0.080346 
2866 	 0.017208 	 0.080347 
2867 	 0.017208 	 0.080347 
2868 	 0.017208 	 0.080349 
2869 	 0.017209 	 0.080351 
2870 	 0.017209 	 0.080353 
2871 	 0.017209 	 0.080354 
2872 	 0.017209 	 0.080356 
2873 	 0.017209 	 0.080357 
2874 	 0.017209 	 0.080359 
2875 	 0.017209 	 0.080359 
2876 	 0.017209 	 0.080360 
2877 	 0.017209 	 0.080361 
2878 	 0.017209 	 0.080362 
2879 	 0.017209 	 0.080364 
2880 	 0.017209 	 0.080365 
2881 	 0.017209 	 0.080367 
2882 	 0.017208 	 0.080368 
2883 	 0.017209 	 0.080370 
2884 	 0.017209 	 0.080371 
2885 	 0.017209 	 0.080372 
2886 	 0.017209 	 0.080374 
2887 	 0.017209 	 0.080375 
2888 	 0.017209 	 0.080376 
2889 	 0.017209 	 0.080378 
2890 	 0.017209 	 0.080379 
2891 	 0.017209 	 0.080380 
2892 	 0.017209 	 0.080382 
2893 	 0.017209 	 0.080383 
2894 	 0.017209 	 0.080385 
2895 	 0.017209 	 0.080386 
2896 	 0.017210 	 0.080388 
2897 	 0.017210 	 0.080389 
2898 	 0.017210 	 0.080391 
2899 	 0.017210 	 0.080392 
2900 	 0.017210 	 0.080393 
2901 	 0.017210 	 0.080395 
2902 	 0.017210 	 0.080395 
2903 	 0.017210 	 0.080396 
2904 	 0.017210 	 0.080397 
2905 	 0.017210 	 0.080397 
2906 	 0.017210 	 0.080399 
2907 	 0.017210 	 0.080400 
2908 	 0.017210 	 0.080401 
2909 	 0.017210 	 0.080402 
2910 	 0.017210 	 0.080403 
2911 	 0.017210 	 0.080405 
2912 	 0.017210 	 0.080406 
2913 	 0.017210 	 0.080406 
2914 	 0.017210 	 0.080407 
2915 	 0.017210 	 0.080407 
2916 	 0.017210 	 0.080409 
2917 	 0.017210 	 0.080410 
2918 	 0.017210 	 0.080411 
2919 	 0.017210 	 0.080411 
2920 	 0.017210 	 0.080413 
2921 	 0.017210 	 0.080414 
2922 	 0.017210 	 0.080415 
2923 	 0.017210 	 0.080415 
2924 	 0.017210 	 0.080416 
2925 	 0.017210 	 0.080418 
2926 	 0.017210 	 0.080418 
2927 	 0.017210 	 0.080420 
2928 	 0.017208 	 0.080423 
2929 	 0.017208 	 0.080425 
2930 	 0.017208 	 0.080426 
2931 	 0.017208 	 0.080428 
2932 	 0.017208 	 0.080429 
2933 	 0.017208 	 0.080430 
2934 	 0.017208 	 0.080432 
2935 	 0.017208 	 0.080433 
2936 	 0.017208 	 0.080433 
2937 	 0.017208 	 0.080434 
2938 	 0.017208 	 0.080434 
2939 	 0.017208 	 0.080435 
2940 	 0.017208 	 0.080436 
2941 	 0.017208 	 0.080437 
2942 	 0.017208 	 0.080439 
2943 	 0.017208 	 0.080440 
2944 	 0.017209 	 0.080442 
2945 	 0.017209 	 0.080444 
2946 	 0.017210 	 0.080446 
2947 	 0.017210 	 0.080448 
2948 	 0.017210 	 0.080448 
2949 	 0.017210 	 0.080450 
2950 	 0.017210 	 0.080451 
2951 	 0.017210 	 0.080451 
2952 	 0.017210 	 0.080452 
2953 	 0.017211 	 0.080454 
2954 	 0.017201 	 0.080456 
2955 	 0.017201 	 0.080458 
2956 	 0.017202 	 0.080460 
2957 	 0.017202 	 0.080461 
2958 	 0.017202 	 0.080463 
2959 	 0.017202 	 0.080463 
2960 	 0.016326 	 0.080170 
2961 	 0.016326 	 0.080172 
2962 	 0.016326 	 0.080174 
2963 	 0.016326 	 0.080174 
2964 	 0.016326 	 0.080175 
2965 	 0.016327 	 0.080177 
2966 	 0.016327 	 0.080177 
2967 	 0.016327 	 0.080178 
2968 	 0.016327 	 0.080179 
2969 	 0.016327 	 0.080179 
2970 	 0.016327 	 0.080180 
2971 	 0.016327 	 0.080182 
2972 	 0.016327 	 0.080182 
2973 	 0.016327 	 0.080184 
2974 	 0.016327 	 0.080186 
2975 	 0.016327 	 0.080187 
2976 	 0.016327 	 0.080187 
2977 	 0.016327 	 0.080188 
2978 	 0.016327 	 0.080189 
2979 	 0.016328 	 0.080190 
2980 	 0.014883 	 0.079792 
2981 	 0.014884 	 0.079794 
2982 	 0.014884 	 0.079796 
2983 	 0.014884 	 0.079798 
2984 	 0.014884 	 0.079798 
2985 	 0.014884 	 0.079799 
2986 	 0.014884 	 0.079800 
2987 	 0.014885 	 0.079802 
2988 	 0.014885 	 0.079803 
2989 	 0.014885 	 0.079804 
2990 	 0.014885 	 0.079806 
2991 	 0.014885 	 0.079808 
2992 	 0.014885 	 0.079810 
2993 	 0.014886 	 0.079812 
2994 	 0.012442 	 0.079229 
2995 	 0.012444 	 0.079232 
2996 	 0.012443 	 0.079232 
2997 	 0.012445 	 0.079235 
2998 	 0.012445 	 0.079237 
2999 	 0.012446 	 0.079240 
3000 	 0.012446 	 0.079241 
3001 	 0.012446 	 0.079242 
3002 	 0.012446 	 0.079244 
3003 	 0.012446 	 0.079245 
3004 	 0.012446 	 0.079247 
3005 	 0.012448 	 0.079250 
3006 	 0.012449 	 0.079252 
3007 	 0.012450 	 0.079255 
3008 	 0.012454 	 0.079259 
3009 	 0.012454 	 0.079260 
3010 	 0.012454 	 0.079262 
3011 	 0.012454 	 0.079263 
3012 	 0.012455 	 0.079266 
3013 	 0.012455 	 0.079266 
3014 	 0.012455 	 0.079267 
3015 	 0.012455 	 0.079270 
3016 	 0.012455 	 0.079272 
3017 	 0.012455 	 0.079272 
3018 	 0.012455 	 0.079273 
3019 	 0.012456 	 0.079276 
3020 	 0.012456 	 0.079277 
3021 	 0.012450 	 0.079280 
3022 	 0.012450 	 0.079281 
3023 	 0.012451 	 0.079283 
3024 	 0.012451 	 0.079285 
3025 	 0.012453 	 0.079287 
3026 	 0.012455 	 0.079291 
3027 	 0.012450 	 0.079294 
3028 	 0.012450 	 0.079295 
3029 	 0.012451 	 0.079297 
3030 	 0.012452 	 0.079300 
3031 	 0.012452 	 0.079301 
3032 	 0.012453 	 0.079302 
3033 	 0.012453 	 0.079304 
3034 	 0.012453 	 0.079307 
3035 	 0.012453 	 0.079309 
3036 	 0.012457 	 0.079313 
3037 	 0.012459 	 0.079316 
3038 	 0.012459 	 0.079318 
3039 	 0.012459 	 0.079318 
3040 	 0.012459 	 0.079320 
3041 	 0.012459 	 0.079320 
3042 	 0.012459 	 0.079321 
3043 	 0.012459 	 0.079322 
3044 	 0.012460 	 0.079325 
3045 	 0.012445 	 0.079326 
3046 	 0.012446 	 0.079329 
3047 	 0.008841 	 0.078446 
3048 	 0.008841 	 0.078449 
3049 	 0.008842 	 0.078453 
3050 	 0.008841 	 0.078454 
3051 	 0.008841 	 0.078455 
3052 	 0.008842 	 0.078459 
3053 	 0.008845 	 0.078463 
3054 	 0.008845 	 0.078467 
3055 	 0.008844 	 0.078468 
3056 	 0.008846 	 0.078472 
3057 	 0.008845 	 0.078475 
3058 	 0.008845 	 0.078476 
3059 	 0.008838 	 0.078480 
3060 	 0.008838 	 0.078481 
3061 	 0.008839 	 0.078484 
3062 	 0.008839 	 0.078486 
3063 	 0.008843 	 0.078492 
3064 	 0.008842 	 0.078493 
3065 	 0.008843 	 0.078496 
3066 	 0.008843 	 0.078497 
3067 	 0.008842 	 0.078499 
3068 	 0.008842 	 0.078502 
3069 	 0.008841 	 0.078503 
3070 	 0.008841 	 0.078505 
3071 	 0.008841 	 0.078505 
3072 	 0.005751 	 0.077353 
